TimeUS,m00,m01,m02,m10,m11,m12,m20,m21,m22
 83753985, 0.9920411, 0.1259074, 0.001400883, -0.1259043, 0.9920402, -0.002092647, -0.001653212, 0.001899615, 0.9999968
 83773977, 0.9920411, 0.1259072, 0.001400622, -0.1259041, 0.9920402, -0.002092925, -0.001652988, 0.001899923, 0.9999969
 83793969, 0.9920412, 0.1259067, 0.001401034, -0.1259036, 0.9920403, -0.002093778, -0.001653503, 0.001900719, 0.9999969
 83813961, 0.9920413, 0.1259055, 0.001401866, -0.1259024, 0.9920404, -0.0020949, -0.001654467, 0.001901729, 0.9999968
 83833953, 0.9920414, 0.1259045, 0.001402174, -0.1259014, 0.9920405, -0.002095527, -0.00165485, 0.001902314, 0.9999968
 83853945, 0.9920415, 0.1259042, 0.001402771, -0.1259011, 0.9920406, -0.002097027, -0.00165563, 0.001903727, 0.9999969
 83873937, 0.9920415, 0.1259042, 0.00140288, -0.1259012, 0.9920406, -0.002097891, -0.001655847, 0.00190457, 0.9999968
 83893929, 0.9920415, 0.1259034, 0.00140344, -0.1259004, 0.9920407, -0.002099212, -0.001656567, 0.001905811, 0.9999968
 83913921, 0.9920416, 0.1259021, 0.001404698, -0.125899, 0.9920409, -0.00210087, -0.001658022, 0.0019073, 0.9999968
 83933913, 0.9920419, 0.1259011, 0.001405154, -0.125898, 0.992041, -0.002102138, -0.001658631, 0.001908503, 0.9999968
 83953905, 0.9920418, 0.1259008, 0.0014057, -0.1258977, 0.9920411, -0.002103118, -0.001659296, 0.001909407, 0.9999968
 83973897, 0.9920419, 0.1259006, 0.001405814, -0.1258975, 0.9920411, -0.002103793, -0.001659494, 0.001910062, 0.9999968
 83993889, 0.9920419, 0.1258998, 0.001406369, -0.1258968, 0.9920412, -0.002104982, -0.001660193, 0.001911173, 0.9999968
 84013881, 0.9920421, 0.1258986, 0.001407462, -0.1258955, 0.9920413, -0.0021066, -0.001661478, 0.001912643, 0.9999968
 84033873, 0.9920422, 0.1258977, 0.001408295, -0.1258946, 0.9920413, -0.002107648, -0.001662435, 0.001913579, 0.9999968
 84053865, 0.9920421, 0.1258988, 0.001407312, -0.1258957, 0.9920413, -0.002106624, -0.001661333, 0.001912685, 0.9999968
 84073857, 0.9920419, 0.1259003, 0.001405932, -0.1258972, 0.9920411, -0.002104679, -0.001659722, 0.001910927, 0.9999968
 84093849, 0.9920419, 0.1259009, 0.001405, -0.1258978, 0.992041, -0.002103694, -0.001658675, 0.001910065, 0.9999968
 84113841, 0.9920419, 0.1259008, 0.001404786, -0.1258977, 0.992041, -0.002103155, -0.001658394, 0.001909558, 0.9999968
 84133833, 0.9920418, 0.1259014, 0.001403648, -0.1258983, 0.9920409, -0.002102161, -0.001657141, 0.001908715, 0.9999968
 84153825, 0.9920417, 0.1259024, 0.001402658, -0.1258994, 0.9920408, -0.002100931, -0.001656007, 0.001907617, 0.9999968
 84173817, 0.9920415, 0.1259037, 0.001401307, -0.1259006, 0.9920406, -0.00209927, -0.00165446, 0.001906138, 0.9999969
 84193809, 0.9920415, 0.1259042, 0.001400391, -0.1259011, 0.9920406, -0.002098204, -0.001653417, 0.001905194, 0.9999969
 84213801, 0.9920415, 0.1259039, 0.001399831, -0.1259008, 0.9920406, -0.002097769, -0.001652806, 0.001904834, 0.9999969
 84233793, 0.9920415, 0.1259041, 0.001398914, -0.1259011, 0.9920406, -0.002096734, -0.001651767, 0.001903922, 0.9999969
 84253785, 0.9920415, 0.125904, 0.001397984, -0.125901, 0.9920406, -0.002096137, -0.001650769, 0.001903448, 0.9999969
 84273777, 0.9920415, 0.1259042, 0.00139665, -0.1259011, 0.9920406, -0.002094937, -0.001649294, 0.001902425, 0.9999968
 84293769, 0.9920416, 0.1259032, 0.001396037, -0.1259001, 0.9920408, -0.002094876, -0.001648677, 0.001902442, 0.9999968
 84313761, 0.9920416, 0.1259026, 0.001395053, -0.1258996, 0.9920408, -0.002094395, -0.001647639, 0.001902091, 0.9999969
 84333753, 0.9920418, 0.1259017, 0.001394338, -0.1258987, 0.9920409, -0.002093902, -0.001646866, 0.001901693, 0.9999969
 84353745, 0.992042, 0.1259001, 0.001393532, -0.125897, 0.9920412, -0.002093628, -0.001646029, 0.001901525, 0.9999968
 84373737, 0.9920421, 0.1258991, 0.001392211, -0.125896, 0.9920413, -0.002092531, -0.001644579, 0.001900605, 0.9999968
 84393729, 0.9920424, 0.1258972, 0.001391736, -0.1258941, 0.9920415, -0.002092847, -0.001644143, 0.001900981, 0.9999968
 84413721, 0.9920426, 0.1258953, 0.001390879, -0.1258923, 0.9920418, -0.002092486, -0.001643244, 0.001900735, 0.9999969
 84433713, 0.9920428, 0.1258934, 0.001390094, -0.1258904, 0.992042, -0.002091948, -0.001642394, 0.001900302, 0.9999969
 84453705, 0.9920431, 0.1258904, 0.001450019, -0.1258873, 0.9920424, -0.002100813, -0.001702952, 0.001901558, 0.9999968
 84473697, 0.9920434, 0.125888, 0.001509368, -0.1258847, 0.9920427, -0.002109037, -0.00176286, 0.001902249, 0.9999966
 84493689, 0.9920436, 0.1258851, 0.001569743, -0.1258817, 0.992043, -0.002118376, -0.001823925, 0.001903919, 0.9999966
 84513681, 0.9920439, 0.1258823, 0.00162946, -0.1258788, 0.9920434, -0.002126963, -0.001884242, 0.001904926, 0.9999965
 84533673, 0.992044, 0.1258803, 0.001689267, -0.1258766, 0.9920436, -0.002135762, -0.001944677, 0.00190613, 0.9999963
 84553665, 0.9920442, 0.1258784, 0.001748747, -0.1258745, 0.9920439, -0.002144011, -0.002004718, 0.00190683, 0.9999962
 84573657, 0.9920444, 0.1258754, 0.001808529, -0.1258715, 0.9920442, -0.002152929, -0.002065142, 0.001908159, 0.9999961
 84593649, 0.9920448, 0.1258722, 0.001868833, -0.1258681, 0.9920446, -0.002162248, -0.002126133, 0.00190982, 0.999996
 84613641, 0.992045, 0.1258692, 0.001928911, -0.125865, 0.9920451, -0.002171083, -0.002186839, 0.00191103, 0.9999958
 84633633, 0.9920453, 0.1258652, 0.001988836, -0.1258608, 0.9920455, -0.002180058, -0.002247409, 0.0019124, 0.9999957
 84653625, 0.9920456, 0.1258617, 0.002083563, -0.1258572, 0.992046, -0.002192907, -0.002342994, 0.001913232, 0.9999955
 84673617, 0.9920459, 0.1258582, 0.002178833, -0.1258535, 0.9920464, -0.002206552, -0.002439216, 0.001914787, 0.9999952
 84693609, 0.9920464, 0.1258533, 0.002274504, -0.1258483, 0.9920471, -0.002220562, -0.002535879, 0.001916658, 0.999995
 84713601, 0.9920466, 0.1258487, 0.00236972, -0.1258435, 0.9920477, -0.002234122, -0.002632036, 0.001918139, 0.9999948
 84733593, 0.992047, 0.1258442, 0.002464899, -0.1258387, 0.9920481, -0.002247618, -0.002728149, 0.001919563, 0.9999945
 84753585, 0.9920473, 0.1258403, 0.002559777, -0.1258346, 0.9920487, -0.002260517, -0.002823887, 0.001920431, 0.9999942
 84773577, 0.9920477, 0.1258349, 0.002654939, -0.1258291, 0.9920494, -0.002274016, -0.002919981, 0.001921864, 0.9999939
 84793569, 0.9920481, 0.1258292, 0.002750607, -0.1258231, 0.9920501, -0.002288061, -0.003016644, 0.001923777, 0.9999937
 84813561, 0.9920486, 0.1258238, 0.002845733, -0.1258175, 0.9920508, -0.002301708, -0.003112721, 0.001925363, 0.9999934
 84833553, 0.9920489, 0.1258182, 0.002940785, -0.1258117, 0.9920515, -0.002315301, -0.003208718, 0.001926907, 0.9999931
 84853545, 0.9920494, 0.1258144, 0.002984586, -0.1258077, 0.992052, -0.002327272, -0.003253669, 0.001933285, 0.9999928
 84873537, 0.9920498, 0.1258106, 0.003028586, -0.1258038, 0.9920524, -0.002339972, -0.003298909, 0.001940361, 0.9999927
 84893529, 0.99205, 0.1258069, 0.003073109, -0.1257999, 0.9920529, -0.0023531, -0.003344723, 0.001947796, 0.9999925
 84913521, 0.9920504, 0.1258026, 0.003117147, -0.1257955, 0.9920534, -0.002365716, -0.00338999, 0.001954786, 0.9999924
 84933513, 0.9920509, 0.1257979, 0.003161273, -0.1257907, 0.992054, -0.002378381, -0.003435349, 0.001961816, 0.9999922
 84953505, 0.9920512, 0.1257939, 0.003204891, -0.1257866, 0.9920545, -0.002390265, -0.003480107, 0.001968133, 0.999992
 84973497, 0.9920517, 0.1257893, 0.003248948, -0.1257819, 0.9920551, -0.002402921, -0.003525398, 0.001975162, 0.9999918
 84993489, 0.9920523, 0.125783, 0.003293553, -0.1257754, 0.9920558, -0.002415993, -0.003571279, 0.001982543, 0.9999917
 85013481, 0.9920527, 0.1257785, 0.00333767, -0.1257707, 0.9920564, -0.002428795, -0.003616647, 0.001989712, 0.9999916
 85033473, 0.992053, 0.1257756, 0.003381809, -0.1257678, 0.9920567, -0.002441421, -0.003662018, 0.001996696, 0.9999914
 85054298, 0.9920531, 0.1257737, 0.003416025, -0.1257658, 0.992057, -0.002452825, -0.003697392, 0.002003714, 0.9999912
 85074290, 0.9920535, 0.1257703, 0.003450504, -0.1257622, 0.9920574, -0.002464498, -0.003733058, 0.002010971, 0.9999911
 85094282, 0.9920534, 0.125769, 0.003485433, -0.1257608, 0.9920575, -0.002475864, -0.003769137, 0.002017858, 0.9999909
 85114274, 0.9920535, 0.1257678, 0.003521669, -0.1257595, 0.9920577, -0.002488363, -0.003806655, 0.002025705, 0.9999908
 85134266, 0.9920536, 0.1257658, 0.003560429, -0.1257574, 0.9920579, -0.002500989, -0.003846691, 0.002033365, 0.9999906
 85154258, 0.9920536, 0.1257646, 0.003600236, -0.125756, 0.9920581, -0.002513216, -0.003887716, 0.002040494, 0.9999904
 85174250, 0.9920533, 0.1257658, 0.003642041, -0.1257572, 0.9920579, -0.0025259, -0.003930788, 0.002047814, 0.9999902
 85194242, 0.992053, 0.125767, 0.003683236, -0.1257581, 0.9920577, -0.002537885, -0.003973165, 0.002054519, 0.99999
 85214234, 0.9920528, 0.1257669, 0.003725404, -0.1257579, 0.9920577, -0.002550681, -0.004016607, 0.002061911, 0.9999899
 85234226, 0.9920528, 0.1257665, 0.003768987, -0.1257574, 0.9920578, -0.002564211, -0.004061545, 0.002069854, 0.9999897
 85254218, 0.9920526, 0.1257655, 0.003817034, -0.1257563, 0.9920578, -0.002578257, -0.004110975, 0.002077751, 0.9999894
 85274210, 0.9920527, 0.1257633, 0.003865961, -0.1257539, 0.9920582, -0.002592703, -0.004161324, 0.002085938, 0.9999892
 85294202, 0.9920529, 0.1257616, 0.003916413, -0.125752, 0.9920583, -0.002606639, -0.004213124, 0.002093426, 0.999989
 85314194, 0.9920527, 0.1257608, 0.003969683, -0.125751, 0.9920584, -0.002621477, -0.004267836, 0.002101451, 0.9999887
 85334186, 0.9920526, 0.1257592, 0.004024908, -0.1257493, 0.9920586, -0.002637027, -0.004324575, 0.00210994, 0.9999884
 85354178, 0.9920526, 0.1257588, 0.004079737, -0.1257486, 0.9920586, -0.002652183, -0.004380873, 0.002118083, 0.9999882
 85374170, 0.9920523, 0.1257582, 0.004137064, -0.1257479, 0.9920587, -0.002667637, -0.004439687, 0.002126208, 0.9999879
 85394162, 0.9920522, 0.1257576, 0.004194734, -0.1257471, 0.9920588, -0.002682538, -0.004498771, 0.002133742, 0.9999876
 85414154, 0.9920523, 0.1257543, 0.004256008, -0.1257436, 0.9920592, -0.002698964, -0.004561618, 0.002142347, 0.9999874
 85434146, 0.9920526, 0.1257502, 0.004318357, -0.1257393, 0.9920596, -0.002715061, -0.004625487, 0.002150496, 0.999987
 85454138, 0.9920528, 0.1257472, 0.004341338, -0.1257362, 0.99206, -0.002730641, -0.004650239, 0.002163076, 0.9999869
 85474130, 0.9920531, 0.1257443, 0.004364184, -0.1257331, 0.9920604, -0.002746691, -0.004674915, 0.002176141, 0.9999868
 85494122, 0.9920532, 0.1257426, 0.00438692, -0.1257313, 0.9920605, -0.002761913, -0.00469938, 0.002188392, 0.9999866
 85514114, 0.9920532, 0.1257418, 0.004409578, -0.1257304, 0.9920606, -0.002778154, -0.004723898, 0.002201658, 0.9999865
 85534106, 0.992053, 0.1257423, 0.004429186, -0.1257308, 0.9920605, -0.002793489, -0.00474528, 0.002214404, 0.9999863
 85554098, 0.9920529, 0.1257431, 0.004447918, -0.1257314, 0.9920604, -0.002808738, -0.004765783, 0.002227174, 0.9999862
 85574090, 0.9920527, 0.1257436, 0.00446301, -0.1257319, 0.9920602, -0.002822947, -0.004782543, 0.00223937, 0.9999861
 85594082, 0.9920526, 0.1257438, 0.004477907, -0.125732, 0.9920602, -0.002837795, -0.004799189, 0.002252226, 0.9999861
 85614074, 0.9920525, 0.1257441, 0.004496124, -0.1257322, 0.9920601, -0.002853655, -0.004819255, 0.002265668, 0.9999858
 85634066, 0.9920524, 0.1257453, 0.004513198, -0.1257332, 0.9920599, -0.002868826, -0.004838104, 0.002278567, 0.9999857
 85654058, 0.9920523, 0.1257452, 0.004507322, -0.1257331, 0.9920599, -0.00287328, -0.004832835, 0.002283725, 0.9999858
 85674050, 0.9920526, 0.1257439, 0.004501496, -0.1257318, 0.9920601, -0.002877086, -0.00482753, 0.002288239, 0.9999858
 85694042, 0.9920527, 0.1257426, 0.004495675, -0.1257305, 0.9920602, -0.002881413, -0.004822297, 0.00229327, 0.9999858
 85714034, 0.992053, 0.1257415, 0.004489825, -0.1257294, 0.9920604, -0.002886198, -0.004817091, 0.002298758, 0.9999858
 85734026, 0.992053, 0.1257416, 0.004481961, -0.1257295, 0.9920604, -0.002890089, -0.00480978, 0.002303607, 0.9999858
 85754018, 0.9920529, 0.1257422, 0.004473434, -0.1257301, 0.9920602, -0.002893863, -0.004801797, 0.00230842, 0.9999858
 85774010, 0.992053, 0.1257416, 0.004462517, -0.1257295, 0.9920603, -0.002896982, -0.004791357, 0.002312889, 0.9999859
 85794002, 0.9920534, 0.1257397, 0.004451904, -0.1257276, 0.9920605, -0.002900729, -0.004781295, 0.00231795, 0.9999859
 85813994, 0.9920536, 0.125738, 0.004441814, -0.1257259, 0.9920607, -0.002905109, -0.004771832, 0.002323573, 0.9999859
 85833986, 0.9920538, 0.1257362, 0.004430434, -0.1257241, 0.9920611, -0.002908834, -0.004761007, 0.002328708, 0.999986
 85853978, 0.9920543, 0.1257338, 0.004401, -0.1257217, 0.9920613, -0.00292249, -0.004733517, 0.002345968, 0.9999861
 85873970, 0.9920547, 0.125732, 0.004371022, -0.1257199, 0.9920615, -0.00293565, -0.004705428, 0.002362801, 0.9999862
 85893962, 0.9920551, 0.1257293, 0.004343459, -0.1257172, 0.9920618, -0.002949437, -0.00467981, 0.002379956, 0.9999862
 85913954, 0.9920554, 0.125728, 0.004317096, -0.1257159, 0.9920619, -0.002963941, -0.004655476, 0.002397666, 0.9999864
 85933946, 0.9920558, 0.1257258, 0.004290767, -0.1257137, 0.9920622, -0.002978012, -0.00463112, 0.002414946, 0.9999864
 85953938, 0.9920561, 0.1257238, 0.004265905, -0.1257117, 0.9920623, -0.002992278, -0.004608244, 0.002432233, 0.9999865
 85973930, 0.9920563, 0.1257231, 0.00424107, -0.125711, 0.9920624, -0.003006135, -0.004585347, 0.002449106, 0.9999865
 85993922, 0.9920567, 0.125721, 0.004217017, -0.125709, 0.9920626, -0.003020435, -0.004563277, 0.002466326, 0.9999866
 86013914, 0.9920572, 0.1257185, 0.004193028, -0.1257064, 0.9920628, -0.003035503, -0.004541366, 0.002484302, 0.9999866
 86033906, 0.9920577, 0.1257153, 0.004168457, -0.1257032, 0.9920633, -0.003049856, -0.004518786, 0.002501644, 0.9999867
 86053898, 0.9920583, 0.1257113, 0.004133239, -0.1256993, 0.9920638, -0.003049579, -0.004483803, 0.002505814, 0.9999868
 86073890, 0.992059, 0.1257074, 0.004096736, -0.1256955, 0.9920642, -0.003048695, -0.004447469, 0.002509544, 0.9999869
 86093882, 0.9920596, 0.1257026, 0.004060688, -0.1256908, 0.9920648, -0.003048236, -0.004411637, 0.00251364, 0.9999871
 86113874, 0.9920604, 0.1256988, 0.004027325, -0.1256871, 0.9920653, -0.00304874, -0.004378592, 0.002518351, 0.9999872
 86133866, 0.9920606, 0.1256972, 0.003993266, -0.1256856, 0.9920655, -0.003048766, -0.004344803, 0.002522665, 0.9999874
 86153858, 0.9920611, 0.125695, 0.003958351, -0.1256834, 0.9920658, -0.003048332, -0.004310104, 0.002526632, 0.9999876
 86173850, 0.9920615, 0.1256923, 0.003923636, -0.1256808, 0.992066, -0.003047666, -0.004275574, 0.002530346, 0.9999877
 86193842, 0.9920624, 0.1256865, 0.003890876, -0.1256751, 0.9920669, -0.003047939, -0.004243094, 0.002534759, 0.9999878
 86213834, 0.9920633, 0.1256806, 0.003858723, -0.1256693, 0.9920676, -0.003048758, -0.004211283, 0.002539638, 0.9999879
 86233826, 0.9920641, 0.1256757, 0.003825929, -0.1256644, 0.9920682, -0.003048853, -0.004178748, 0.002543874, 0.999988
 86253818, 0.9920646, 0.1256714, 0.003835526, -0.12566, 0.9920687, -0.00306194, -0.004189903, 0.00255567, 0.999988
 86273810, 0.992065, 0.1256679, 0.00384624, -0.1256564, 0.9920691, -0.003074712, -0.004202128, 0.002567009, 0.9999878
 86293802, 0.9920655, 0.1256635, 0.003859713, -0.125652, 0.9920697, -0.003088681, -0.004217239, 0.002579192, 0.9999878
 86313794, 0.9920661, 0.1256583, 0.003875558, -0.1256467, 0.9920702, -0.003103402, -0.004234794, 0.002591828, 0.9999877
 86333786, 0.9920663, 0.1256556, 0.00389118, -0.1256439, 0.9920705, -0.003117601, -0.004252069, 0.002603964, 0.9999876
 86353778, 0.9920666, 0.1256538, 0.003907391, -0.125642, 0.9920708, -0.003131814, -0.004269932, 0.002616035, 0.9999875
 86373770, 0.9920667, 0.1256508, 0.003922362, -0.1256389, 0.992071, -0.003145344, -0.004286478, 0.00262759, 0.9999874
 86393762, 0.9920673, 0.125647, 0.003939729, -0.125635, 0.9920715, -0.003159567, -0.004305483, 0.002639535, 0.9999873
 86413754, 0.9920678, 0.1256417, 0.003956799, -0.1256296, 0.9920722, -0.003174539, -0.004324285, 0.002652267, 0.9999871
 86433746, 0.9920682, 0.1256381, 0.003971783, -0.1256259, 0.9920726, -0.003188475, -0.004340891, 0.002664226, 0.9999871
 86453738, 0.9920685, 0.1256367, 0.003967052, -0.1256244, 0.9920728, -0.003197748, -0.004337358, 0.002674026, 0.999987
 86473730, 0.9920685, 0.125636, 0.003962609, -0.1256238, 0.9920728, -0.00320639, -0.004334035, 0.002683161, 0.9999871
 86493722, 0.9920688, 0.1256342, 0.003960465, -0.1256219, 0.992073, -0.00321578, -0.004333082, 0.002692754, 0.999987
 86513714, 0.9920694, 0.1256294, 0.003962071, -0.125617, 0.9920736, -0.003226258, -0.004335979, 0.002702968, 0.9999869
 86533706, 0.9920701, 0.125624, 0.003962911, -0.1256116, 0.9920743, -0.00323604, -0.004338026, 0.002712591, 0.999987
 86553698, 0.9920663, 0.1256505, 0.004075341, -0.1256375, 0.9920707, -0.003307668, -0.004458637, 0.00276941, 0.9999863
 86573690, 0.9920431, 0.1258026, 0.004918029, -0.1257863, 0.9920512, -0.003507136, -0.005320144, 0.00286061, 0.9999818
 86593682, 0.9919935, 0.1261225, 0.006480533, -0.1261006, 0.9920106, -0.003687597, -0.006893847, 0.002840874, 0.9999722
 86613674, 0.9919261, 0.1265199, 0.008687957, -0.1264886, 0.9919598, -0.004061303, -0.009131937, 0.002929584, 0.999954
 86633666, 0.9918438, 0.1269453, 0.01144339, -0.1269039, 0.9919058, -0.004278674, -0.01189392, 0.002791564, 0.9999254
 86653658, 0.9917716, 0.1271607, 0.01481105, -0.1271079, 0.991879, -0.004457661, -0.01525761, 0.00253838, 0.9998804
 86673650, 0.9916738, 0.1274082, 0.01871212, -0.1273407, 0.9918476, -0.004758073, -0.01916579, 0.002335642, 0.9998136
 86693642, 0.9915495, 0.1276178, 0.02331155, -0.1275334, 0.9918213, -0.005076785, -0.02376878, 0.002060882, 0.9997154
 86713634, 0.9914096, 0.1277236, 0.02817268, -0.1276226, 0.9918084, -0.005362173, -0.02862678, 0.00172064, 0.9995887
 86733626, 0.9912543, 0.1276946, 0.03330291, -0.1275794, 0.9918128, -0.005572011, -0.03374176, 0.001274516, 0.9994298
 86753618, 0.9910544, 0.1277695, 0.03855139, -0.1276436, 0.9918036, -0.005719927, -0.03896625, 0.0007479199, 0.9992403
 86773610, 0.9908143, 0.1280068, 0.04360481, -0.1278753, 0.9917734, -0.005804081, -0.04398904, 0.0001747893, 0.999032
 86793602, 0.990544, 0.1282809, 0.04864811, -0.1281438, 0.9917378, -0.00594041, -0.04900821, -0.0003497169, 0.9987983
 86813594, 0.9903113, 0.1283354, 0.05304416, -0.1281774, 0.9917307, -0.006382382, -0.0534246, -0.0004785186, 0.9985718
 86833586, 0.9900839, 0.1283973, 0.05699057, -0.1282156, 0.9917227, -0.006849463, -0.05739829, -0.0005255355, 0.9983513
 86853578, 0.989819, 0.1286813, 0.06082302, -0.1284903, 0.9916856, -0.00705754, -0.0612255, -0.0008294841, 0.9981236
 86873570, 0.9895887, 0.1287663, 0.0642923, -0.1285677, 0.9916744, -0.007234476, -0.06468857, -0.001106755, 0.997905
 86893562, 0.9893852, 0.1287544, 0.06737459, -0.1285452, 0.9916757, -0.00744855, -0.06777278, -0.001291197, 0.9976999
 86913554, 0.9892005, 0.1287314, 0.07007581, -0.128526, 0.9916782, -0.007452088, -0.07045197, -0.001634953, 0.9975139
 86933546, 0.9890273, 0.1286833, 0.07256526, -0.1284783, 0.991684, -0.00750524, -0.07292759, -0.001900171, 0.9973354
 86953538, 0.9888572, 0.1287614, 0.074713, -0.1285613, 0.9916732, -0.007502271, -0.07505689, -0.002186524, 0.9971769
 86973530, 0.9886998, 0.1288555, 0.07660951, -0.1286447, 0.9916609, -0.007700345, -0.07696289, -0.00224208, 0.9970315
 86993522, 0.9885714, 0.1288048, 0.07833285, -0.1285729, 0.9916676, -0.008017388, -0.07871283, -0.00214572, 0.9968951
 87013514, 0.988462, 0.1286464, 0.07995613, -0.1284069, 0.9916881, -0.00815178, -0.08034024, -0.00220919, 0.9967651
 87033506, 0.9883516, 0.1286583, 0.08129099, -0.1284098, 0.9916865, -0.008299431, -0.08168297, -0.002235803, 0.9966559
 87053498, 0.9882696, 0.1286289, 0.08232804, -0.1283928, 0.9916897, -0.008177684, -0.08269576, -0.002488569, 0.9965718
 87073490, 0.988224, 0.1283297, 0.08333565, -0.1281058, 0.9917279, -0.00805078, -0.08367943, -0.002719807, 0.996489
 87093482, 0.9881973, 0.1280011, 0.08415398, -0.1277854, 0.9917699, -0.007966546, -0.08448109, -0.002881133, 0.9964209
 87113474, 0.9881807, 0.127829, 0.08460924, -0.1276245, 0.9917915, -0.0078437, -0.08491738, -0.003047219, 0.9963834
 87134299, 0.9881738, 0.1275623, 0.08509132, -0.1273724, 0.9918253, -0.007680277, -0.08537542, -0.003248834, 0.9963436
 87154291, 0.9881781, 0.1271255, 0.08569157, -0.1269617, 0.9918802, -0.007381804, -0.08593419, -0.003585008, 0.9962944
 87174283, 0.9881766, 0.1266423, 0.08642203, -0.1264848, 0.9919416, -0.007317451, -0.0866523, -0.003700143, 0.9962318
 87194275, 0.9881607, 0.1261628, 0.08730087, -0.1259837, 0.9920033, -0.007580233, -0.0875591, -0.003507999, 0.9961532
 87214267, 0.9881163, 0.1257742, 0.08835768, -0.1255697, 0.9920534, -0.007890766, -0.08864799, -0.003298054, 0.9960576
 87234259, 0.9880537, 0.1256251, 0.08926412, -0.1253795, 0.9920736, -0.008376576, -0.08960889, -0.002915381, 0.9959728
 87254251, 0.9879839, 0.12555, 0.09013905, -0.1252649, 0.992084, -0.00883628, -0.09053491, -0.002561155, 0.9958901
 87274243, 0.9878759, 0.1256856, 0.0911292, -0.1253604, 0.9920676, -0.009306342, -0.091576, -0.002230481, 0.9957957
 87294235, 0.9877728, 0.1258477, 0.09201889, -0.1254662, 0.9920481, -0.009941698, -0.0925383, -0.001725125, 0.9957077
 87314227, 0.9876449, 0.1261376, 0.09298872, -0.1256973, 0.992012, -0.01060073, -0.09358308, -0.00121867, 0.9956108
 87334219, 0.9875103, 0.1264173, 0.09403257, -0.1259319, 0.9919767, -0.01110206, -0.09468162, -0.0008783008, 0.9955072
 87354211, 0.987398, 0.1267086, 0.09481657, -0.1261991, 0.9919398, -0.01137434, -0.09549355, -0.0007347722, 0.9954299
 87374203, 0.9872896, 0.1269504, 0.09561872, -0.1264253, 0.9919089, -0.01155491, -0.09631196, -0.0006805832, 0.995351
 87394195, 0.9871637, 0.1271292, 0.09667572, -0.1265783, 0.991886, -0.0118353, -0.09739591, -0.0005536765, 0.9952456
 87414187, 0.9870477, 0.1272669, 0.0976731, -0.1266669, 0.9918686, -0.01234478, -0.09844995, -0.0001870569, 0.995142
 87434179, 0.9869271, 0.1275287, 0.09854621, -0.1268595, 0.9918348, -0.01305302, -0.0994062, 0.0003808603, 0.9950469
 87454171, 0.9868351, 0.1276462, 0.09931248, -0.1269099, 0.9918193, -0.01372236, -0.1002516, 0.0009379745, 0.9949617
 87474163, 0.986753, 0.1276628, 0.1001031, -0.1268637, 0.9918166, -0.0143344, -0.1011138, 0.001445063, 0.9948739
 87494155, 0.9866652, 0.127617, 0.1010241, -0.1268041, 0.9918225, -0.01445435, -0.1020426, 0.001451332, 0.994779
 87514147, 0.9865756, 0.1275045, 0.1020353, -0.126693, 0.9918372, -0.01442094, -0.1030411, 0.001300191, 0.9946763
 87534139, 0.9865054, 0.1272437, 0.1030344, -0.1264277, 0.9918707, -0.01443958, -0.1040341, 0.001218335, 0.994573
 87554131, 0.9864194, 0.1270539, 0.1040875, -0.1262366, 0.9918953, -0.01442928, -0.1050772, 0.00109366, 0.9944635
 87574123, 0.9863234, 0.1269087, 0.1051692, -0.1261015, 0.991914, -0.01431596, -0.1061356, 0.000858174, 0.9943513
 87594115, 0.9862294, 0.1268351, 0.1061343, -0.1260445, 0.9919237, -0.0141513, -0.107072, 0.0005787841, 0.9942512
 87614107, 0.9860932, 0.1269205, 0.1072915, -0.1261421, 0.9919129, -0.01403903, -0.1082057, 0.0003098182, 0.9941285
 87634099, 0.9859343, 0.1269474, 0.1087106, -0.1261705, 0.9919095, -0.01402324, -0.1096113, 0.000109922, 0.9939745
 87654091, 0.9857763, 0.1268123, 0.1102893, -0.1260361, 0.9919268, -0.01400974, -0.1111755, -8.995633E-05, 0.9938009
 87674083, 0.9855679, 0.1267466, 0.1122103, -0.1259753, 0.9919351, -0.01396646, -0.1130755, -0.0003708268, 0.9935863
 87694075, 0.9853088, 0.1268603, 0.114338, -0.1261135, 0.9919202, -0.01377066, -0.1151611, -0.0008512148, 0.9933465
 87714067, 0.9850246, 0.1269399, 0.1166743, -0.1262305, 0.9919094, -0.01347979, -0.1174415, -0.001449928, 0.9930787
 87734059, 0.9847248, 0.1268988, 0.1192227, -0.1262369, 0.9919134, -0.01311798, -0.1199232, -0.002132704, 0.9927809
 87754051, 0.9844114, 0.1269553, 0.1217241, -0.12635, 0.9919043, -0.01271008, -0.1223522, -0.00286789, 0.9924826
 87774043, 0.9840884, 0.1270101, 0.1242521, -0.1264816, 0.9918944, -0.01216533, -0.1247901, -0.003743834, 0.9921762
 87794035, 0.9837399, 0.1271731, 0.126819, -0.1267335, 0.9918694, -0.01156235, -0.1272583, -0.004697872, 0.9918585
 87814027, 0.9833424, 0.1273539, 0.1296869, -0.1269781, 0.9918424, -0.01119654, -0.1300549, -0.005457358, 0.9914919
 87834019, 0.9829419, 0.1275458, 0.1325042, -0.1272033, 0.9918149, -0.01108172, -0.1328331, -0.00596228, 0.9911205
 87854011, 0.982552, 0.1276841, 0.1352345, -0.1273848, 0.9917935, -0.01089958, -0.1355164, -0.006517424, 0.9907537
 87874003, 0.9821904, 0.1277896, 0.1377385, -0.1275304, 0.9917765, -0.01074172, -0.1379785, -0.007015433, 0.9904104
 87893995, 0.9818298, 0.1278151, 0.1402629, -0.1276168, 0.9917686, -0.01044448, -0.1404433, -0.007645196, 0.9900593
 87913987, 0.9814646, 0.1278169, 0.1427943, -0.1276682, 0.9917641, -0.01024135, -0.1429272, -0.008178759, 0.9896995
 87933979, 0.9810544, 0.1279859, 0.145437, -0.1278455, 0.9917401, -0.01035046, -0.1455604, -0.008439102, 0.9893134
 87953971, 0.9805969, 0.1282145, 0.1482924, -0.1280594, 0.9917095, -0.01063352, -0.1484264, -0.008563048, 0.9888865
 87973963, 0.9801028, 0.1284418, 0.1513319, -0.1282542, 0.99168, -0.01104117, -0.151491, -0.00858747, 0.9884214
 87993955, 0.9796129, 0.1287495, 0.1542151, -0.1285108, 0.9916407, -0.01155812, -0.1544141, -0.008495825, 0.9879698
 88013947, 0.9791039, 0.1290309, 0.1571832, -0.1287378, 0.991605, -0.01208787, -0.1574234, -0.008400145, 0.9874955
 88033939, 0.9785866, 0.1293271, 0.1601337, -0.1289805, 0.9915671, -0.01260157, -0.160413, -0.008322387, 0.9870149
 88053931, 0.9780734, 0.1295625, 0.1630526, -0.129138, 0.9915382, -0.01324569, -0.163389, -0.00810104, 0.9865285
 88073923, 0.9775804, 0.1297893, 0.1658051, -0.1292958, 0.9915099, -0.01381323, -0.1661902, -0.007934354, 0.9860619
 88093915, 0.9770758, 0.1300368, 0.1685627, -0.1294864, 0.9914781, -0.014301, -0.1689859, -0.007853422, 0.9855872
 88113907, 0.9765974, 0.1300276, 0.1713196, -0.1293752, 0.9914821, -0.01501599, -0.1718128, -0.007499933, 0.985101
 88133899, 0.9761584, 0.129883, 0.1739109, -0.1291043, 0.9915047, -0.0158321, -0.1744898, -0.006998011, 0.9846341
 88153891, 0.9757357, 0.1297456, 0.1763684, -0.1288378, 0.9915261, -0.01663885, -0.1770326, -0.006487787, 0.9841836
 88173883, 0.9753343, 0.129623, 0.1786643, -0.1285992, 0.991545, -0.01735024, -0.1794026, -0.006053789, 0.9837571
 88193875, 0.9749614, 0.1294963, 0.1807789, -0.1283426, 0.9915644, -0.01811519, -0.1815998, -0.005540016, 0.9833569
 88213867, 0.9746299, 0.1293458, 0.1826644, -0.1280319, 0.9915876, -0.01901888, -0.1835878, -0.004850494, 0.9829914
 88233859, 0.9743157, 0.1292178, 0.1844227, -0.1277275, 0.9916078, -0.01998918, -0.1854579, -0.004080078, 0.9826438
 88253851, 0.9740009, 0.1290897, 0.1861673, -0.1274122, 0.9916275, -0.02099834, -0.1873193, -0.003267598, 0.9822937
 88273843, 0.9737064, 0.1289804, 0.187776, -0.1271318, 0.991644, -0.02190687, -0.1890325, -0.002541448, 0.9819676
 88293835, 0.9734159, 0.1288012, 0.189399, -0.1267852, 0.9916688, -0.02277406, -0.1907544, -0.001844369, 0.9816362
 88313827, 0.9731382, 0.1286696, 0.1909087, -0.1264852, 0.9916869, -0.02363631, -0.192363, -0.001145737, 0.9813232
 88333819, 0.972842, 0.1287352, 0.1923687, -0.1263968, 0.9916789, -0.02443178, -0.1939132, -0.0005465085, 0.9810185
 88353811, 0.9725368, 0.1288871, 0.1938048, -0.1263928, 0.9916593, -0.0252339, -0.1954406, 4.537397E-05, 0.9807156
 88373803, 0.9722651, 0.1291213, 0.195008, -0.1264898, 0.9916287, -0.02594129, -0.1967251, 0.0005552912, 0.9804585
 88393795, 0.9719678, 0.1294047, 0.1962986, -0.12665, 0.9915915, -0.02657606, -0.1980871, 0.0009698465, 0.9801839
 88413787, 0.9716536, 0.1296417, 0.1976924, -0.1267651, 0.99156, -0.02719282, -0.1995492, 0.001361515, 0.9798869
 88433779, 0.9713548, 0.1297916, 0.1990578, -0.1268519, 0.9915403, -0.02750639, -0.2009439, 0.001467599, 0.9796017
 88453771, 0.9710707, 0.1299395, 0.2003435, -0.126951, 0.9915208, -0.02774888, -0.2022504, 0.001512312, 0.9793326
 88473763, 0.9708371, 0.1300797, 0.2013821, -0.1270366, 0.9915023, -0.02801919, -0.2033155, 0.001619187, 0.979112
 88493755, 0.9705931, 0.1302903, 0.2024193, -0.1272277, 0.9914747, -0.02812568, -0.2043581, 0.001545255, 0.978895
 88513747, 0.9703747, 0.1304067, 0.2033892, -0.1273322, 0.9914595, -0.02818705, -0.2053279, 0.001453999, 0.9786922
 88533739, 0.9701963, 0.1306986, 0.2040518, -0.1276232, 0.9914212, -0.028217, -0.2059892, 0.001334281, 0.9785534
 88553731, 0.9700077, 0.130842, 0.2048549, -0.1277893, 0.9914026, -0.02811996, -0.2067729, 0.00109831, 0.9783883
 88573723, 0.969806, 0.1309758, 0.2057228, -0.127972, 0.9913853, -0.02789926, -0.2076047, 0.0007301156, 0.9782125
 88593715, 0.9695749, 0.1311487, 0.2066991, -0.1281958, 0.9913626, -0.0276751, -0.2085433, 0.0003351287, 0.978013
 88613707, 0.9692892, 0.1313734, 0.207893, -0.1284688, 0.991333, -0.02747232, -0.2097004, -7.91456E-05, 0.9777657
 88633699, 0.9690723, 0.1314296, 0.2088664, -0.1285724, 0.9913255, -0.02725925, -0.2106373, -0.0004382783, 0.9775642
 88653691, 0.968855, 0.1314805, 0.2098404, -0.1286793, 0.9913184, -0.02700828, -0.2115697, -0.0008349991, 0.9773626
 88673683, 0.9686577, 0.1315467, 0.2107077, -0.1287856, 0.9913093, -0.02683486, -0.2124065, -0.001142315, 0.9771808
 88693675, 0.9684979, 0.1314452, 0.2115042, -0.1287583, 0.9913223, -0.02648798, -0.2131505, -0.001579379, 0.9770181
 88713667, 0.9683229, 0.1312757, 0.2124089, -0.128671, 0.9913439, -0.02610174, -0.2139968, -0.002055953, 0.9768322
 88733659, 0.9681457, 0.1309996, 0.2133849, -0.1284325, 0.9913797, -0.02591073, -0.2149398, -0.002320189, 0.9766246
 88753651, 0.9679283, 0.1308706, 0.2144474, -0.1283318, 0.9913962, -0.02578067, -0.2159763, -0.002566582, 0.9763952
 88773643, 0.967678, 0.1308566, 0.2155829, -0.1283496, 0.9913973, -0.02565087, -0.2170849, -0.002848191, 0.9761485
 88793635, 0.9674382, 0.1308628, 0.2166527, -0.1283956, 0.9913955, -0.02548765, -0.2181239, -0.003159526, 0.975916
 88813627, 0.9672173, 0.1308783, 0.2176271, -0.1284655, 0.9913922, -0.02526183, -0.21906, -0.003523884, 0.975705
 88833619, 0.9670211, 0.1308675, 0.2185039, -0.128491, 0.9913927, -0.02511422, -0.2199098, -0.003789802, 0.9755129
 88853611, 0.9668255, 0.1307787, 0.2194203, -0.1284204, 0.9914037, -0.02504021, -0.2208088, -0.003968522, 0.9753091
 88873603, 0.9666552, 0.1305975, 0.2202771, -0.128242, 0.9914271, -0.02502365, -0.2216568, -0.004059529, 0.9751164
 88893595, 0.9665166, 0.1304369, 0.2209797, -0.1280681, 0.9914484, -0.025077, -0.2223609, -0.00406311, 0.974956
 88913587, 0.9663827, 0.1303469, 0.2216171, -0.1279427, 0.9914605, -0.02523358, -0.2230138, -0.003969005, 0.9748072
 88933579, 0.9662158, 0.1305156, 0.2222444, -0.128049, 0.991439, -0.02553628, -0.2236747, -0.003784626, 0.9746565
 88953571, 0.9660306, 0.1307266, 0.2229247, -0.1282256, 0.9914114, -0.02572178, -0.2243727, -0.003736625, 0.9744963
 88973563, 0.9658281, 0.1309738, 0.2236559, -0.128432, 0.9913791, -0.02593922, -0.2251251, -0.003671747, 0.9743229
 88993555, 0.965641, 0.1312775, 0.2242849, -0.1286894, 0.9913392, -0.02618441, -0.2257798, -0.003578345, 0.9741718
 89013547, 0.9654664, 0.1316321, 0.224828, -0.1290225, 0.9912921, -0.02632653, -0.2263357, -0.003590488, 0.9740428
 89033539, 0.965327, 0.1318358, 0.2253067, -0.1292329, 0.9912648, -0.02632953, -0.2268097, -0.003700424, 0.973932
 89053531, 0.9652454, 0.1320701, 0.2255195, -0.1295103, 0.9912326, -0.02617538, -0.2269992, -0.003941416, 0.973887
 89073523, 0.9652348, 0.1321779, 0.2255015, -0.1296217, 0.9912181, -0.02617182, -0.2269805, -0.003967928, 0.9738913
 89093515, 0.965286, 0.132135, 0.225307, -0.1295482, 0.9912245, -0.02629467, -0.2268042, -0.003806239, 0.973933
 89113507, 0.9654059, 0.1318713, 0.2249477, -0.1292325, 0.9912606, -0.02648175, -0.226474, -0.003504905, 0.9740109
 89133499, 0.9655018, 0.1316971, 0.2246378, -0.1290026, 0.9912849, -0.0266965, -0.2261958, -0.003203341, 0.9740766
 89153491, 0.9656141, 0.1314767, 0.2242841, -0.128732, 0.991315, -0.02688296, -0.2258707, -0.002913974, 0.974153
 89173483, 0.9656935, 0.1313759, 0.2240013, -0.1285926, 0.991329, -0.02703428, -0.2256106, -0.002698082, 0.9742138
 89193475, 0.9657432, 0.1313173, 0.2238211, -0.1285086, 0.9913372, -0.02713505, -0.2254454, -0.002557451, 0.9742525
 89214300, 0.9658294, 0.1312715, 0.2234757, -0.1284185, 0.9913437, -0.02731748, -0.2251273, -0.002314381, 0.9743267
 89234292, 0.9659078, 0.1313182, 0.2231094, -0.1284216, 0.9913382, -0.02750811, -0.2247892, -0.002081765, 0.9744052
 89254284, 0.9659501, 0.1312779, 0.22295, -0.1283415, 0.9913439, -0.02767443, -0.2246532, -0.001881633, 0.9744371
 89274276, 0.9659467, 0.1314239, 0.2228785, -0.1284567, 0.9913248, -0.0278243, -0.2246017, -0.001753442, 0.9744491
 89294268, 0.9658943, 0.131659, 0.2229668, -0.1286741, 0.9912937, -0.02792858, -0.2247026, -0.001713989, 0.9744259
 89314260, 0.9658467, 0.1318672, 0.2230502, -0.1288593, 0.991266, -0.02805264, -0.2248013, -0.001647549, 0.9744033
 89334252, 0.9658129, 0.1319378, 0.2231547, -0.128909, 0.9912567, -0.0281521, -0.2249179, -0.001576999, 0.9743765
 89354244, 0.9657828, 0.1319584, 0.2232726, -0.1288951, 0.9912542, -0.02830434, -0.2250549, -0.001442902, 0.9743451
 89374236, 0.9657539, 0.1319729, 0.2233894, -0.1289067, 0.9912523, -0.02831966, -0.2251726, -0.001446552, 0.9743178
 89394228, 0.9656831, 0.1321009, 0.223619, -0.129035, 0.9912352, -0.02833432, -0.225402, -0.001492701, 0.9742647
 89414220, 0.9655961, 0.132025, 0.2240394, -0.1289598, 0.9912452, -0.0283258, -0.2258177, -0.001540786, 0.9741684
 89434212, 0.9655265, 0.1318395, 0.2244484, -0.1287516, 0.99127, -0.02840497, -0.2262339, -0.001472326, 0.9740719
 89454204, 0.9654472, 0.1317365, 0.2248493, -0.1286093, 0.9912839, -0.02856488, -0.2266526, -0.001339828, 0.9739748
 89474196, 0.965318, 0.131698, 0.2254262, -0.1285008, 0.9912893, -0.02886369, -0.2272638, -0.001104809, 0.9738327
 89494188, 0.9651856, 0.1316707, 0.2260077, -0.1284063, 0.9912932, -0.02915099, -0.2278782, -0.000884691, 0.9736893
 89514180, 0.9650419, 0.1317969, 0.2265473, -0.1284832, 0.9912764, -0.02937772, -0.2284429, -0.0007567963, 0.973557
 89534172, 0.9648391, 0.1320113, 0.2272854, -0.1286447, 0.991248, -0.02963017, -0.2292077, -0.0006507149, 0.9733773
 89554164, 0.9646463, 0.13228, 0.2279462, -0.1288281, 0.9912124, -0.03002497, -0.2299148, -0.0004023889, 0.9732108
 89574156, 0.9644712, 0.1324657, 0.2285787, -0.1288999, 0.9911876, -0.03052851, -0.2306083, -1.989491E-05, 0.9730467
 89594148, 0.9643095, 0.1326867, 0.229132, -0.1290269, 0.991158, -0.03095028, -0.2312127, 0.0002814624, 0.9729033
 89614140, 0.9641895, 0.1328187, 0.2295603, -0.1290714, 0.9911402, -0.03133262, -0.231688, 0.0005809198, 0.9727899
 89634132, 0.9640652, 0.1329768, 0.2299903, -0.129177, 0.991119, -0.03156992, -0.2321458, 0.0007260199, 0.9726808
 89654124, 0.9639354, 0.1331652, 0.2304249, -0.1293499, 0.9910936, -0.03165588, -0.2325881, 0.0007087922, 0.9725751
 89674116, 0.9638453, 0.1332639, 0.2307446, -0.1294383, 0.9910803, -0.03170939, -0.2329122, 0.0006957576, 0.9724976
 89694108, 0.9638104, 0.13323, 0.2309093, -0.1294024, 0.9910849, -0.03171305, -0.2330759, 0.000685146, 0.9724583
 89714100, 0.963816, 0.133068, 0.2309795, -0.1292896, 0.9911069, -0.03148852, -0.2331155, 0.0004858952, 0.972449
 89734092, 0.9638759, 0.132934, 0.2308068, -0.1292008, 0.9911249, -0.03128463, -0.2329172, 0.0003340821, 0.9724966
 89754084, 0.9639792, 0.1327893, 0.2304583, -0.1290651, 0.9911442, -0.03123011, -0.2325644, 0.0003610606, 0.972581
 89774076, 0.9640929, 0.1326897, 0.2300397, -0.1289839, 0.9911576, -0.03114232, -0.2321378, 0.0003526807, 0.9726828
 89794068, 0.9641852, 0.1326471, 0.2296773, -0.1289836, 0.9911633, -0.03096027, -0.2317545, 0.000226818, 0.9727743
 89814060, 0.9642934, 0.1325724, 0.2292659, -0.1289535, 0.9911733, -0.03076421, -0.2313207, 0.0001010764, 0.9728776
 89834052, 0.9643666, 0.1326256, 0.2289274, -0.1290165, 0.9911662, -0.0307294, -0.2309806, 9.898469E-05, 0.9729584
 89854044, 0.9643608, 0.1326619, 0.2289307, -0.1290299, 0.9911613, -0.03083046, -0.2309972, 0.0001927856, 0.9729544
 89874036, 0.9643708, 0.1327158, 0.2288568, -0.129059, 0.9911541, -0.03094121, -0.2309387, 0.0003027878, 0.9729683
 89894028, 0.9643711, 0.1327598, 0.2288301, -0.1291042, 0.9911482, -0.03094145, -0.2309124, 0.0002961215, 0.9729746
 89914020, 0.9643514, 0.1329304, 0.2288145, -0.1292892, 0.9911254, -0.03090069, -0.2308915, 0.0002158861, 0.9729795
 89934012, 0.9643875, 0.1329314, 0.2286617, -0.1293051, 0.9911253, -0.03083793, -0.2307317, 0.0001725852, 0.9730174
 89954004, 0.9644529, 0.1329155, 0.2283947, -0.1293115, 0.9911274, -0.03074218, -0.2304543, 0.0001153089, 0.9730832
 89973996, 0.9645221, 0.1330666, 0.2280138, -0.1294829, 0.991107, -0.03067393, -0.2300678, 6.177834E-05, 0.9731746
 89993988, 0.9646149, 0.1331224, 0.227589, -0.1295879, 0.9910997, -0.0304721, -0.2296198, -9.894742E-05, 0.9732804
 90013980, 0.964744, 0.1330002, 0.2271122, -0.1295241, 0.991116, -0.03020973, -0.2291124, -0.0002718418, 0.9733999
 90033972, 0.964873, 0.1328689, 0.2266407, -0.1294721, 0.9911335, -0.02985619, -0.2285981, -0.0005362164, 0.9735208
 90053964, 0.9650069, 0.132656, 0.2261948, -0.1293539, 0.9911618, -0.0294266, -0.2280992, -0.0008623059, 0.9736376
 90073956, 0.9651595, 0.1323325, 0.2257329, -0.129109, 0.9912048, -0.02905127, -0.227592, -0.00110504, 0.973756
 90093948, 0.9652839, 0.1320622, 0.2253586, -0.1288611, 0.9912409, -0.02892226, -0.2272042, -0.001121759, 0.9738466
 90113940, 0.9653395, 0.1317759, 0.2252886, -0.1285665, 0.9912791, -0.02892463, -0.2271354, -0.001042465, 0.9738626
 90133932, 0.9653629, 0.1316826, 0.2252426, -0.1284896, 0.9912914, -0.02884335, -0.2270792, -0.001097035, 0.9738757
 90153924, 0.9653803, 0.1316388, 0.2251936, -0.1284576, 0.9912971, -0.02878751, -0.2270233, -0.001136925, 0.9738887
 90173916, 0.9653968, 0.1316282, 0.225129, -0.1284728, 0.9912985, -0.02867518, -0.2269445, -0.001240022, 0.9739069
 90193908, 0.965411, 0.1317334, 0.2250066, -0.1286092, 0.9912843, -0.0285524, -0.2268068, -0.001373123, 0.9739388
 90213900, 0.9654295, 0.1319145, 0.2248206, -0.1288397, 0.9912599, -0.02836023, -0.2265968, -0.001586009, 0.9739874
 90233892, 0.9654582, 0.132106, 0.224585, -0.1290767, 0.9912341, -0.0281847, -0.2263397, -0.001777537, 0.9740469
 90253884, 0.9654859, 0.1323544, 0.2243198, -0.1293948, 0.9912003, -0.0279105, -0.2260399, -0.002078613, 0.9741159
 90273876, 0.9655516, 0.1326317, 0.2238728, -0.1297576, 0.9911624, -0.02756877, -0.2255508, -0.002430131, 0.9742284
 90293868, 0.9656358, 0.132659, 0.2234935, -0.1298921, 0.9911576, -0.02710372, -0.2251128, -0.002857707, 0.9743286
 90313860, 0.9657342, 0.132463, 0.2231836, -0.1297719, 0.991183, -0.02674918, -0.2247591, -0.003130355, 0.9744093
 90333852, 0.9658678, 0.1322084, 0.222756, -0.129593, 0.9912162, -0.0263853, -0.2242877, -0.0033829, 0.9745171
 90353844, 0.9659711, 0.132184, 0.2223227, -0.1296586, 0.9912183, -0.02598337, -0.2238048, -0.003726869, 0.9746269
 90373836, 0.9660677, 0.1321898, 0.2218992, -0.1297665, 0.9912159, -0.02553166, -0.223325, -0.004129764, 0.9747353
 90393828, 0.9661549, 0.1323394, 0.2214299, -0.1300054, 0.9911943, -0.02514893, -0.2228083, -0.004489315, 0.974852
 90413820, 0.9662232, 0.1324785, 0.2210479, -0.1302361, 0.9911739, -0.02475513, -0.2223765, -0.004869436, 0.9749487
 90433812, 0.9662513, 0.1325385, 0.2208891, -0.1304208, 0.9911631, -0.02421136, -0.2221461, -0.005414281, 0.9749984
 90453804, 0.9661927, 0.1325553, 0.2211355, -0.1305727, 0.9911572, -0.02362714, -0.2223119, -0.00604588, 0.9749569
 90473796, 0.9661342, 0.132622, 0.221351, -0.1307389, 0.9911453, -0.02320437, -0.2224684, -0.00652066, 0.9749182
 90493788, 0.966057, 0.132874, 0.2215364, -0.1310496, 0.9911094, -0.02298176, -0.2226205, -0.006830572, 0.9748812
 90513780, 0.965988, 0.1330025, 0.2217604, -0.1312272, 0.9910904, -0.02278851, -0.2228156, -0.007087588, 0.9748349
 90533772, 0.9658886, 0.133072, 0.2221513, -0.131299, 0.9910807, -0.02279955, -0.2232038, -0.00714641, 0.9747456
 90553764, 0.9657778, 0.1332206, 0.2225431, -0.1313945, 0.9910619, -0.02306063, -0.2236262, -0.00696951, 0.9746501
