TimeUS,m00,m01,m02,m10,m11,m12,m20,m21,m22
 55113779, 0.9939076, 0.110207, 0.001470958, -0.1102034, 0.9939063, -0.00235087, -0.001721077, 0.002174443, 0.9999962
 55133771, 0.9939078, 0.1102048, 0.001471027, -0.1102012, 0.9939066, -0.002350652, -0.001721117, 0.002174222, 0.9999962
 55153763, 0.993908, 0.110203, 0.001471039, -0.1101994, 0.9939067, -0.00234953, -0.001721001, 0.002173109, 0.9999962
 55173755, 0.9939082, 0.1102011, 0.001471026, -0.1101974, 0.993907, -0.002348488, -0.001720869, 0.002172078, 0.9999962
 55193747, 0.9939084, 0.1101995, 0.001470822, -0.1101959, 0.9939072, -0.002347265, -0.001720528, 0.002170888, 0.9999962
 55213739, 0.9939086, 0.1101974, 0.001471084, -0.1101938, 0.9939074, -0.002346445, -0.001720694, 0.002170048, 0.9999962
 55233731, 0.993909, 0.1101951, 0.001471258, -0.1101915, 0.9939076, -0.002345868, -0.001720797, 0.002169459, 0.9999962
 55253723, 0.9939091, 0.110193, 0.001472385, -0.1101893, 0.9939079, -0.002344176, -0.001721727, 0.002167657, 0.9999962
 55273715, 0.9939094, 0.110191, 0.001473689, -0.1101874, 0.9939081, -0.002342317, -0.001722813, 0.002165669, 0.9999962
 55293707, 0.9939095, 0.1101891, 0.001474533, -0.1101855, 0.9939083, -0.002340263, -0.001723423, 0.002163538, 0.9999962
 55313699, 0.9939098, 0.1101867, 0.001475929, -0.1101831, 0.9939086, -0.002338264, -0.001724584, 0.002161401, 0.9999962
 55333691, 0.9939101, 0.1101843, 0.001477537, -0.1101807, 0.9939089, -0.002337114, -0.00172605, 0.002160085, 0.9999962
 55353683, 0.9939103, 0.1101824, 0.001478687, -0.1101788, 0.9939091, -0.002335163, -0.001726975, 0.002158023, 0.9999962
 55373675, 0.9939106, 0.1101803, 0.001479854, -0.1101767, 0.9939094, -0.002333266, -0.00172792, 0.002156012, 0.9999962
 55393667, 0.9939107, 0.1101785, 0.00148049, -0.1101749, 0.9939095, -0.002331017, -0.001728301, 0.00215371, 0.9999962
 55413659, 0.993911, 0.1101763, 0.001481869, -0.1101727, 0.9939098, -0.002329274, -0.001729475, 0.002151829, 0.9999962
 55433651, 0.9939113, 0.1101738, 0.001483538, -0.1101702, 0.9939101, -0.002327882, -0.001730975, 0.002150267, 0.9999962
 55453643, 0.9939115, 0.1101716, 0.001482775, -0.110168, 0.9939103, -0.002327134, -0.001730129, 0.002149611, 0.9999962
 55473635, 0.9939117, 0.1101694, 0.001481957, -0.1101658, 0.9939106, -0.002326332, -0.001729223, 0.002148907, 0.9999962
 55493627, 0.993912, 0.1101673, 0.00148092, -0.1101637, 0.9939108, -0.002325136, -0.001728056, 0.002147836, 0.9999962
 55513619, 0.9939123, 0.1101648, 0.001480156, -0.1101612, 0.9939111, -0.002324169, -0.001727185, 0.002146964, 0.9999962
 55533611, 0.9939126, 0.110162, 0.001479686, -0.1101584, 0.9939114, -0.002323737, -0.001726664, 0.002146591, 0.9999962
 55553603, 0.9939129, 0.1101596, 0.001479106, -0.110156, 0.9939116, -0.002322995, -0.001726, 0.002145922, 0.9999962
 55573595, 0.9939131, 0.1101573, 0.001478411, -0.1101537, 0.9939119, -0.002322412, -0.00172524, 0.002145423, 0.9999962
 55593587, 0.9939133, 0.1101554, 0.001477331, -0.1101518, 0.9939121, -0.00232134, -0.001724046, 0.00214448, 0.9999963
 55613579, 0.9939135, 0.1101533, 0.001476328, -0.1101497, 0.9939123, -0.002320677, -0.001722971, 0.002143935, 0.9999963
 55633571, 0.9939138, 0.1101508, 0.001476064, -0.1101472, 0.9939126, -0.002320357, -0.001722668, 0.00214365, 0.9999962
 55653563, 0.9939141, 0.1101483, 0.00149509, -0.1101447, 0.9939129, -0.002322188, -0.001741774, 0.002143379, 0.9999962
 55673555, 0.9939144, 0.1101455, 0.00151385, -0.1101418, 0.9939131, -0.002323654, -0.001760576, 0.002142774, 0.9999961
 55693547, 0.9939147, 0.1101426, 0.001532716, -0.1101389, 0.9939135, -0.002325214, -0.001779492, 0.002142252, 0.9999962
 55713539, 0.993915, 0.1101396, 0.001551812, -0.1101358, 0.9939139, -0.002326982, -0.00179866, 0.002141912, 0.9999961
 55733531, 0.9939153, 0.110136, 0.001570981, -0.1101322, 0.9939143, -0.002329152, -0.001817944, 0.002141964, 0.9999961
 55753523, 0.9939157, 0.1101323, 0.001589922, -0.1101284, 0.9939147, -0.002330949, -0.001836959, 0.002141671, 0.999996
 55773515, 0.9939161, 0.110128, 0.001608773, -0.1101242, 0.9939152, -0.002332775, -0.001855887, 0.002141417, 0.9999961
 55793507, 0.9939165, 0.1101246, 0.001627453, -0.1101207, 0.9939156, -0.002334042, -0.001874587, 0.002140627, 0.999996
 55813499, 0.993917, 0.1101203, 0.001646814, -0.1101163, 0.9939159, -0.002336177, -0.001894055, 0.002140624, 0.9999959
 55833491, 0.9939173, 0.1101162, 0.001665739, -0.1101122, 0.9939164, -0.002337822, -0.001913037, 0.002140184, 0.9999959
 55853483, 0.9939176, 0.1101125, 0.001750558, -0.1101082, 0.9939168, -0.00235088, -0.00199877, 0.00214383, 0.9999957
 55873475, 0.9939179, 0.1101087, 0.001835297, -0.1101043, 0.9939172, -0.002364206, -0.002084452, 0.002147752, 0.9999955
 55894300, 0.993918, 0.1101058, 0.001923619, -0.1101011, 0.9939175, -0.002377625, -0.002173709, 0.002151372, 0.9999953
 55914292, 0.9939182, 0.1101023, 0.002008207, -0.1100974, 0.993918, -0.002390409, -0.002259183, 0.002154773, 0.9999951
 55934284, 0.9939187, 0.1100979, 0.002093044, -0.1100928, 0.9939185, -0.002403609, -0.002344947, 0.002158563, 0.9999949
 55954276, 0.993919, 0.1100929, 0.002178611, -0.1100876, 0.993919, -0.002417643, -0.002431528, 0.002163103, 0.9999947
 55974268, 0.9939194, 0.1100879, 0.002263581, -0.1100823, 0.9939196, -0.00243068, -0.002517406, 0.002166719, 0.9999945
 55994260, 0.9939197, 0.1100829, 0.002348406, -0.1100771, 0.9939201, -0.002443782, -0.002603146, 0.002170417, 0.9999943
 56014252, 0.99392, 0.1100788, 0.002433001, -0.1100729, 0.9939205, -0.002456606, -0.00268863, 0.002173863, 0.9999941
 56034244, 0.9939201, 0.1100749, 0.002518053, -0.1100688, 0.9939209, -0.00246971, -0.002774598, 0.002177535, 0.9999938
 56054236, 0.9939204, 0.1100706, 0.002571852, -0.1100642, 0.9939214, -0.002483008, -0.002829525, 0.002184844, 0.9999936
 56074228, 0.993921, 0.1100654, 0.002625091, -0.1100589, 0.9939219, -0.002495872, -0.002883844, 0.002191784, 0.9999934
 56094220, 0.9939214, 0.1100602, 0.002678396, -0.1100536, 0.9939225, -0.002508831, -0.002938241, 0.002198813, 0.9999933
 56114212, 0.9939218, 0.1100556, 0.002731472, -0.1100488, 0.9939229, -0.00252128, -0.002992353, 0.00220536, 0.9999931
 56134204, 0.9939221, 0.1100513, 0.002784808, -0.1100444, 0.9939235, -0.002534272, -0.003046786, 0.002212416, 0.999993
 56154196, 0.9939224, 0.1100474, 0.002838634, -0.1100403, 0.9939238, -0.002547553, -0.003101737, 0.002219706, 0.9999928
 56174188, 0.9939225, 0.1100444, 0.002891807, -0.1100372, 0.9939243, -0.002560397, -0.003155994, 0.00222663, 0.9999926
 56194180, 0.9939227, 0.110042, 0.002945133, -0.1100345, 0.9939245, -0.002573189, -0.003210398, 0.002233484, 0.9999924
 56214172, 0.9939228, 0.110039, 0.002998198, -0.1100314, 0.9939248, -0.002585974, -0.003264541, 0.002240363, 0.9999923
 56234164, 0.993923, 0.110035, 0.003051592, -0.1100273, 0.9939252, -0.002598889, -0.003319023, 0.002247337, 0.999992
 56254156, 0.9939235, 0.1100299, 0.00308814, -0.110022, 0.9939258, -0.002612385, -0.003356823, 0.002256747, 0.9999918
 56274148, 0.9939238, 0.1100261, 0.003124461, -0.1100181, 0.9939262, -0.002625671, -0.003394376, 0.00226597, 0.9999917
 56294140, 0.9939238, 0.1100246, 0.003160601, -0.1100165, 0.9939262, -0.002638894, -0.003431748, 0.002275142, 0.9999916
 56314132, 0.993924, 0.1100228, 0.00319649, -0.1100146, 0.9939265, -0.002651721, -0.003468826, 0.002283948, 0.9999914
 56334124, 0.993924, 0.1100218, 0.003232425, -0.1100134, 0.9939265, -0.002664944, -0.003505995, 0.002293142, 0.9999913
 56354116, 0.9939242, 0.1100189, 0.003269725, -0.1100104, 0.9939268, -0.002678844, -0.003544591, 0.002302864, 0.9999911
 56374108, 0.9939243, 0.1100167, 0.00330854, -0.1100081, 0.9939271, -0.0026924, -0.003584656, 0.002312076, 0.9999909
 56394100, 0.9939244, 0.110015, 0.003348103, -0.1100062, 0.9939272, -0.002706137, -0.003625487, 0.002321383, 0.9999908
 56414092, 0.9939243, 0.1100149, 0.003387428, -0.110006, 0.9939272, -0.002719259, -0.003666016, 0.0023301, 0.9999906
 56434084, 0.9939241, 0.1100151, 0.003428439, -0.110006, 0.9939272, -0.002733098, -0.003708301, 0.002339343, 0.9999905
 56454076, 0.993924, 0.1100138, 0.003485871, -0.1100045, 0.9939273, -0.00274874, -0.003767101, 0.002348577, 0.9999901
 56474068, 0.993924, 0.1100122, 0.003545437, -0.1100028, 0.9939275, -0.002764217, -0.003828005, 0.002357413, 0.9999899
 56494060, 0.9939238, 0.110012, 0.003607321, -0.1100023, 0.9939274, -0.002779718, -0.003891218, 0.002366014, 0.9999897
 56514052, 0.9939234, 0.1100131, 0.003669877, -0.1100032, 0.9939273, -0.002795061, -0.003955084, 0.002374378, 0.9999894
 56534044, 0.993923, 0.1100138, 0.003732558, -0.1100037, 0.9939272, -0.002810693, -0.004019106, 0.002383017, 0.9999892
 56554036, 0.9939229, 0.1100137, 0.003796156, -0.1100034, 0.9939272, -0.002826791, -0.004084089, 0.002392022, 0.9999889
 56574028, 0.9939227, 0.1100135, 0.003860503, -0.1100029, 0.9939272, -0.002842603, -0.004149783, 0.002400661, 0.9999886
 56594020, 0.9939224, 0.1100139, 0.003927272, -0.1100032, 0.9939271, -0.002858767, -0.004217927, 0.00240938, 0.9999883
 56614012, 0.9939221, 0.1100137, 0.003993298, -0.1100027, 0.9939271, -0.002874769, -0.004285311, 0.002418023, 0.999988
 56634004, 0.9939218, 0.1100139, 0.004061289, -0.1100027, 0.9939272, -0.002891024, -0.004354678, 0.002426699, 0.9999876
 56653996, 0.9939216, 0.1100129, 0.004110996, -0.1100015, 0.9939272, -0.002908184, -0.004405968, 0.002438292, 0.9999874
 56673988, 0.9939217, 0.1100115, 0.004162571, -0.1099999, 0.9939274, -0.002925065, -0.004459083, 0.002449403, 0.9999871
 56693980, 0.9939217, 0.1100093, 0.004214549, -0.1099974, 0.9939276, -0.002942104, -0.004512615, 0.002460631, 0.9999868
 56713972, 0.9939215, 0.1100085, 0.004266056, -0.1099965, 0.9939275, -0.002958941, -0.00456566, 0.002471704, 0.9999866
 56733964, 0.9939213, 0.1100082, 0.004317631, -0.109996, 0.9939275, -0.002975935, -0.00461879, 0.002482924, 0.9999863
 56753956, 0.9939211, 0.1100088, 0.004370914, -0.1099963, 0.9939275, -0.002993661, -0.0046737, 0.002494678, 0.9999861
 56773948, 0.9939207, 0.1100097, 0.004426011, -0.109997, 0.9939274, -0.003011221, -0.004730397, 0.002506067, 0.9999858
 56793940, 0.9939204, 0.1100105, 0.004482091, -0.1099976, 0.9939272, -0.003028723, -0.004788063, 0.00251729, 0.9999854
 56813932, 0.9939199, 0.1100127, 0.004537039, -0.1099996, 0.993927, -0.003045849, -0.004844568, 0.002528258, 0.9999852
 56833924, 0.9939195, 0.1100133, 0.004591865, -0.1099999, 0.9939269, -0.003063225, -0.004900973, 0.002539495, 0.9999848
 56853916, 0.9939196, 0.1100128, 0.004600962, -0.1099994, 0.9939269, -0.003086031, -0.004912522, 0.002561163, 0.9999847
 56873908, 0.9939197, 0.1100114, 0.004607048, -0.1099978, 0.993927, -0.003108177, -0.004921004, 0.002582513, 0.9999846
 56893900, 0.9939199, 0.1100095, 0.004612047, -0.1099957, 0.9939272, -0.003130278, -0.004928399, 0.00260394, 0.9999844
 56913892, 0.9939202, 0.1100067, 0.004614226, -0.1099929, 0.9939274, -0.003151724, -0.004932916, 0.00262503, 0.9999844
 56933884, 0.9939206, 0.1100028, 0.004617275, -0.1099888, 0.9939278, -0.003173884, -0.004938374, 0.002646741, 0.9999843
 56953876, 0.9939211, 0.1099983, 0.004618074, -0.1099842, 0.9939282, -0.003195408, -0.004941524, 0.002668068, 0.9999843
 56973868, 0.9939214, 0.1099955, 0.004616881, -0.1099813, 0.9939286, -0.003216736, -0.004942676, 0.002689412, 0.9999843
 56993860, 0.9939218, 0.1099919, 0.004613969, -0.1099777, 0.9939288, -0.003238014, -0.004942112, 0.0027109, 0.9999841
 57013852, 0.9939224, 0.1099867, 0.00460981, -0.1099723, 0.9939293, -0.00325874, -0.004940243, 0.002731983, 0.9999841
 57033844, 0.9939231, 0.109981, 0.004605455, -0.1099665, 0.9939299, -0.003280042, -0.004938242, 0.002753663, 0.9999841
 57053836, 0.9939237, 0.1099764, 0.004587381, -0.1099619, 0.9939304, -0.003289173, -0.004921269, 0.002764749, 0.9999841
 57073828, 0.9939242, 0.1099724, 0.004568221, -0.109958, 0.9939308, -0.003298086, -0.004903193, 0.002775735, 0.9999841
 57093820, 0.9939247, 0.1099691, 0.004548041, -0.1099547, 0.9939312, -0.003306917, -0.004884098, 0.002786747, 0.9999843
 57113812, 0.9939251, 0.1099662, 0.004529164, -0.1099518, 0.9939315, -0.003316158, -0.004866343, 0.002798022, 0.9999843
 57133804, 0.9939255, 0.109963, 0.004511074, -0.1099486, 0.9939318, -0.003325704, -0.004849404, 0.002809515, 0.9999844
 57153796, 0.9939258, 0.1099609, 0.004493567, -0.1099465, 0.9939319, -0.003335078, -0.004833027, 0.002820768, 0.9999844
 57173788, 0.9939262, 0.1099578, 0.004477017, -0.1099434, 0.9939322, -0.003344368, -0.004817591, 0.002831837, 0.9999844
 57193780, 0.9939263, 0.1099575, 0.004461257, -0.1099431, 0.9939322, -0.003353664, -0.004802947, 0.00284281, 0.9999844
 57213772, 0.9939264, 0.1099574, 0.00444675, -0.109943, 0.9939322, -0.003363412, -0.0047896, 0.002854094, 0.9999844
 57233764, 0.9939264, 0.1099581, 0.004432193, -0.1099436, 0.9939321, -0.00337314, -0.004776203, 0.002865362, 0.9999846
 57253756, 0.9939265, 0.1099584, 0.004397193, -0.109944, 0.9939321, -0.003385558, -0.004742782, 0.002881551, 0.9999847
 57273748, 0.9939266, 0.1099591, 0.004365028, -0.1099447, 0.9939319, -0.003398546, -0.004712241, 0.002897993, 0.9999847
 57293740, 0.9939265, 0.1099606, 0.004334318, -0.1099463, 0.9939317, -0.003411276, -0.004683122, 0.002914015, 0.9999849
 57313732, 0.9939265, 0.1099621, 0.004306211, -0.1099478, 0.9939315, -0.003424427, -0.004656636, 0.00293017, 0.9999849
 57333724, 0.9939266, 0.1099618, 0.00427874, -0.1099475, 0.9939315, -0.003438144, -0.004630839, 0.002946825, 0.9999849
 57353716, 0.9939268, 0.1099604, 0.004285374, -0.109946, 0.9939316, -0.003461231, -0.004639967, 0.00296905, 0.9999848
 57373708, 0.9939186, 0.1100197, 0.004655921, -0.1100038, 0.9939249, -0.003542398, -0.005017369, 0.003008686, 0.999983
 57393700, 0.9938995, 0.1101556, 0.005454625, -0.1101359, 0.9939094, -0.0037773, -0.005837494, 0.003153506, 0.999978
 57413692, 0.9938613, 0.1104208, 0.00686663, -0.1103952, 0.9938797, -0.003998622, -0.007266134, 0.003216032, 0.9999685
 57433684, 0.993812, 0.1107274, 0.008786886, -0.1106938, 0.9938456, -0.004225331, -0.009200667, 0.003226531, 0.9999525
 57453676, 0.9937677, 0.1109254, 0.01101998, -0.1108842, 0.9938242, -0.004278417, -0.01142651, 0.00302981, 0.9999302
 57473668, 0.9937163, 0.1110866, 0.01370139, -0.1110382, 0.9938071, -0.004243398, -0.01408793, 0.002695355, 0.9998972
 57493660, 0.9936416, 0.1113083, 0.01694565, -0.1112572, 0.9937839, -0.003935002, -0.01727831, 0.002024656, 0.9998487
 57513652, 0.9935439, 0.1116084, 0.02034766, -0.1115573, 0.9937513, -0.003634527, -0.02062616, 0.001341133, 0.9997864
 57533644, 0.9934608, 0.1117101, 0.02359439, -0.1116602, 0.9937406, -0.003427624, -0.0238296, 0.0007706559, 0.9997157
 57553636, 0.9933629, 0.1118059, 0.02701116, -0.1117526, 0.9937299, -0.0034794, -0.02723081, 0.0004377408, 0.9996291
 57573628, 0.9932483, 0.1119718, 0.03033591, -0.1119095, 0.9937114, -0.003748901, -0.03056491, 0.000328711, 0.9995327
 57593620, 0.993133, 0.1121225, 0.03339745, -0.1120507, 0.9936944, -0.004019002, -0.03363748, 0.0002491944, 0.9994341
 57613612, 0.9930261, 0.1121963, 0.03621192, -0.1121069, 0.993686, -0.004495372, -0.03648764, 0.0004044154, 0.9993341
 57633604, 0.9929375, 0.1120047, 0.03911771, -0.1118942, 0.9937075, -0.005009596, -0.03943266, 0.0005971703, 0.9992221
 57653596, 0.9928499, 0.1117828, 0.04187835, -0.1116527, 0.9937325, -0.005440974, -0.04222408, 0.0007262391, 0.9991079
 57673588, 0.992724, 0.1118328, 0.04463837, -0.1116836, 0.9937267, -0.005830266, -0.04501035, 0.0008024724, 0.9989862
 57693580, 0.9926024, 0.1118797, 0.04715268, -0.1117019, 0.9937212, -0.006397107, -0.04757232, 0.001082742, 0.9988672
 57713572, 0.9925047, 0.111739, 0.04948435, -0.1115272, 0.9937365, -0.007029323, -0.04995986, 0.001457788, 0.9987502
 57733564, 0.9924123, 0.1115424, 0.05173197, -0.1113019, 0.9937582, -0.007517233, -0.05224756, 0.00170233, 0.9986327
 57753556, 0.9923231, 0.1114509, 0.05360536, -0.1111804, 0.993768, -0.00801239, -0.05416428, 0.001991016, 0.99853
 57773548, 0.9922282, 0.1114203, 0.05539594, -0.1111121, 0.9937705, -0.00862334, -0.05601166, 0.002401163, 0.9984272
 57793540, 0.9921416, 0.1113256, 0.05711004, -0.1109712, 0.9937797, -0.009350339, -0.05779573, 0.002939292, 0.9983242
 57813532, 0.9920271, 0.1113913, 0.0589419, -0.1109851, 0.9937704, -0.01013201, -0.05970333, 0.003509556, 0.99821
 57833524, 0.9918922, 0.1116365, 0.06072206, -0.1111603, 0.9937397, -0.01117577, -0.06158954, 0.00433528, 0.9980922
 57853516, 0.9917865, 0.1117311, 0.06225547, -0.1111888, 0.9937254, -0.01211986, -0.06321901, 0.005098203, 0.9979867
 57873508, 0.9916856, 0.1117838, 0.0637496, -0.1111773, 0.9937156, -0.01299408, -0.06480151, 0.005798537, 0.9978814
 57893500, 0.9915799, 0.1119451, 0.06509665, -0.1112873, 0.9936944, -0.01365685, -0.06621499, 0.006297427, 0.9977855
 57913492, 0.9914751, 0.112032, 0.06652793, -0.1113297, 0.9936823, -0.01418373, -0.06769666, 0.006656286, 0.9976838
 57933484, 0.9913652, 0.1121701, 0.06791882, -0.1114308, 0.9936651, -0.01458899, -0.06912502, 0.006894765, 0.9975842
 57953476, 0.9912453, 0.1123583, 0.06934149, -0.1115867, 0.9936428, -0.0149155, -0.07057655, 0.007047335, 0.9974815
 57974301, 0.9911214, 0.112713, 0.07052799, -0.1119237, 0.9936027, -0.01505713, -0.07177393, 0.007029694, 0.9973962
 57994293, 0.9909919, 0.1130668, 0.07177098, -0.1122615, 0.9935629, -0.0151696, -0.07302416, 0.006975831, 0.9973058
 58014285, 0.9908752, 0.1133366, 0.07294744, -0.1125158, 0.9935325, -0.01527753, -0.07420715, 0.006930382, 0.9972188
 58034277, 0.9907581, 0.1135636, 0.07417426, -0.1127464, 0.9935086, -0.01512672, -0.0754106, 0.006624036, 0.9971306
 58054269, 0.9906492, 0.1137469, 0.07533851, -0.1129484, 0.9934908, -0.01478918, -0.07653033, 0.006141523, 0.9970483
 58074261, 0.9905549, 0.1137755, 0.07652497, -0.1129854, 0.9934895, -0.01459128, -0.07768688, 0.005807261, 0.9969609
 58094253, 0.9904493, 0.1139734, 0.07759009, -0.1131949, 0.9934689, -0.01437271, -0.07872145, 0.005452637, 0.9968818
 58114245, 0.9903255, 0.1142345, 0.07877817, -0.1134727, 0.9934412, -0.0140935, -0.07987145, 0.005017977, 0.9967926
 58134237, 0.9901872, 0.1145116, 0.08010331, -0.1137703, 0.9934116, -0.01377306, -0.08115273, 0.004524528, 0.9966915
 58154229, 0.9900499, 0.1147467, 0.08145244, -0.114046, 0.9933876, -0.01321922, -0.0824307, 0.003798365, 0.9965896
 58174221, 0.9899241, 0.1148907, 0.08276724, -0.1142235, 0.9933731, -0.01276689, -0.08368555, 0.00318429, 0.9964871
 58194213, 0.9898267, 0.1148283, 0.08400987, -0.1142006, 0.9933822, -0.01225512, -0.08486113, 0.002536468, 0.9963896
 58214205, 0.9897456, 0.1146246, 0.08523442, -0.1140483, 0.9934073, -0.01161639, -0.086004, 0.001776429, 0.9962932
 58234197, 0.9896594, 0.1142711, 0.08669629, -0.1137598, 0.9934493, -0.01083179, -0.08736613, 0.0008572308, 0.9961759
 58254189, 0.9896142, 0.1136768, 0.08798417, -0.1132329, 0.9935178, -0.01003738, -0.08855486, -2.956945E-05, 0.9960713
 58274181, 0.9895927, 0.1131124, 0.08894864, -0.1127179, 0.993582, -0.009462006, -0.08944804, -0.0006625665, 0.9959913
 58294173, 0.9895942, 0.1126104, 0.08956646, -0.1122464, 0.9936388, -0.00910635, -0.09002217, -0.001041926, 0.9959393
 58314165, 0.9896296, 0.1120808, 0.0898407, -0.1117376, 0.9936983, -0.008856094, -0.09026714, -0.001274336, 0.9959168
 58334157, 0.9896681, 0.1116015, 0.09001219, -0.1112893, 0.9937518, -0.008496011, -0.09039793, -0.001609159, 0.9959044
 58354149, 0.9897127, 0.1112728, 0.08992839, -0.1109853, 0.9937882, -0.008206411, -0.09028292, -0.001858741, 0.9959144
 58374141, 0.9897261, 0.1111019, 0.08999229, -0.1108258, 0.9938071, -0.008074332, -0.09033205, -0.001982093, 0.9959097
 58394133, 0.9897225, 0.1110072, 0.09014826, -0.1107516, 0.9938172, -0.007847554, -0.09046203, -0.002217165, 0.9958975
 58414125, 0.9897022, 0.1109212, 0.09047746, -0.1106768, 0.9938264, -0.007729489, -0.09077624, -0.002363864, 0.9958686
 58434117, 0.9896405, 0.111036, 0.09100884, -0.1107676, 0.9938141, -0.008011019, -0.09133538, -0.0021528, 0.9958178
 58454109, 0.9895662, 0.1112623, 0.09154003, -0.1109397, 0.9937898, -0.008620593, -0.09193069, -0.001624779, 0.9957641
 58474101, 0.9894742, 0.1114406, 0.09231319, -0.1110536, 0.9937707, -0.009334995, -0.09277843, -0.001014974, 0.9956864
 58494093, 0.9893856, 0.1116876, 0.09296263, -0.1112428, 0.9937433, -0.009969163, -0.09349442, -0.0004780755, 0.9956197
 58514085, 0.9893082, 0.1117928, 0.09365703, -0.1112985, 0.9937316, -0.01050147, -0.09424393, -3.469362E-05, 0.9955491
 58534077, 0.9891983, 0.1118932, 0.09469316, -0.1113392, 0.9937201, -0.01113017, -0.0953439, 0.0004668838, 0.9954444
 58554069, 0.9890538, 0.1120515, 0.09600529, -0.1114288, 0.9937019, -0.01183978, -0.09672731, 0.00101242, 0.9953105
 58574061, 0.9888816, 0.1123247, 0.09744894, -0.111636, 0.9936705, -0.01250871, -0.09823717, 0.001490827, 0.995162
 58594053, 0.9886851, 0.1128444, 0.09883239, -0.1120836, 0.9936107, -0.01323517, -0.09969444, 0.002007931, 0.9950162
 58614045, 0.9885301, 0.1131473, 0.1000301, -0.1123242, 0.9935752, -0.01384096, -0.1009535, 0.0024464, 0.9948882
 58634037, 0.9883977, 0.1134856, 0.1009506, -0.1126115, 0.9935357, -0.01433382, -0.1019248, 0.00279931, 0.9947882
 58654029, 0.9882473, 0.1139011, 0.1019497, -0.1130042, 0.9934881, -0.01454907, -0.102943, 0.002857331, 0.9946831
 58674021, 0.9881002, 0.1142234, 0.1030098, -0.1133044, 0.9934509, -0.01474775, -0.1040197, 0.002900793, 0.994571
 58694013, 0.9879463, 0.1145289, 0.1041403, -0.1135735, 0.9934152, -0.01507772, -0.1051814, 0.003068392, 0.9944484
 58714005, 0.9877902, 0.1148289, 0.1052852, -0.1138333, 0.99338, -0.01543791, -0.1063609, 0.003264463, 0.9943222
 58733997, 0.9876533, 0.1148483, 0.1065401, -0.1138088, 0.9933769, -0.01580641, -0.1076499, 0.003486044, 0.9941828
 58753989, 0.9875476, 0.1145079, 0.107878, -0.1134203, 0.9934153, -0.01618465, -0.1090209, 0.003747556, 0.9940324
 58773981, 0.9873892, 0.1144323, 0.1093971, -0.1133063, 0.9934235, -0.01647546, -0.110563, 0.00387231, 0.9938616
 58793973, 0.9872218, 0.1142866, 0.1110486, -0.1131185, 0.9934398, -0.01678376, -0.1122382, 0.004007654, 0.9936733
 58813965, 0.9870178, 0.1143511, 0.1127816, -0.1131423, 0.993432, -0.01708225, -0.1139942, 0.004100116, 0.993473
 58833957, 0.98678, 0.114449, 0.114746, -0.1131773, 0.9934197, -0.01755912, -0.1160006, 0.004340347, 0.9932396
 58853949, 0.9865412, 0.114536, 0.1166962, -0.1132128, 0.993409, -0.01792671, -0.1179803, 0.004473929, 0.9930059
 58873941, 0.9862925, 0.1145995, 0.1187186, -0.113228, 0.9934013, -0.01825655, -0.1200274, 0.004564032, 0.9927601
 58893933, 0.9859995, 0.1147457, 0.1209897, -0.1133305, 0.9933845, -0.01853647, -0.1223163, 0.004565125, 0.9924807
 58913925, 0.9856784, 0.1147777, 0.1235482, -0.1133273, 0.9933813, -0.01872795, -0.12488, 0.004458358, 0.9921618
 58933917, 0.9852862, 0.1148411, 0.1265802, -0.1133326, 0.9933739, -0.01908001, -0.1279326, 0.00445361, 0.9917729
 58953909, 0.9848133, 0.1150743, 0.130003, -0.1134654, 0.9933458, -0.01974033, -0.1314095, 0.004689693, 0.9913172
 58973901, 0.9843247, 0.1152846, 0.1334707, -0.1135695, 0.9933202, -0.02041832, -0.1349331, 0.004940042, 0.9908424
 58993893, 0.9838023, 0.1156358, 0.1369729, -0.1138282, 0.9932789, -0.02098366, -0.1384788, 0.005052392, 0.9903526
 59013885, 0.9832945, 0.115819, 0.1404203, -0.1139134, 0.9932567, -0.02156125, -0.1419706, 0.005205307, 0.9898571
 59033877, 0.982755, 0.11597, 0.1440266, -0.1139734, 0.9932387, -0.02206501, -0.1456117, 0.005269296, 0.9893278
 59053869, 0.9822188, 0.1160557, 0.1475714, -0.1139663, 0.9932284, -0.02256498, -0.1491909, 0.005345574, 0.988794
 59073861, 0.9817266, 0.1159997, 0.150854, -0.1138474, 0.9932353, -0.02285604, -0.1524848, 0.005264035, 0.9882918
 59093853, 0.9812517, 0.1159864, 0.153923, -0.1137856, 0.9932377, -0.02306183, -0.155557, 0.005115229, 0.9878137
 59113845, 0.9807825, 0.1160348, 0.1568487, -0.1137876, 0.9932327, -0.02326253, -0.1584866, 0.004968048, 0.9873487
 59133837, 0.9803004, 0.1160343, 0.1598343, -0.1137353, 0.9932334, -0.02348923, -0.1614783, 0.004847704, 0.9868644
 59153829, 0.9798194, 0.1159284, 0.1628329, -0.1135744, 0.9932463, -0.02372359, -0.1644834, 0.004751184, 0.9863685
 59173821, 0.979313, 0.1159987, 0.1658022, -0.1135779, 0.9932382, -0.02404041, -0.1674697, 0.004711612, 0.985866
 59193813, 0.9788331, 0.1158791, 0.1686947, -0.1133888, 0.9932522, -0.02435458, -0.1703786, 0.004710982, 0.9853675
 59213805, 0.9783554, 0.1157167, 0.1715533, -0.1131673, 0.9932714, -0.02460037, -0.1732456, 0.004653683, 0.9848677
 59233797, 0.9778448, 0.115785, 0.1743948, -0.1131819, 0.993264, -0.02483302, -0.1760954, 0.004544494, 0.9843627
 59253789, 0.9773319, 0.1159511, 0.1771376, -0.1132824, 0.9932447, -0.02514028, -0.178856, 0.004503815, 0.983865
 59273781, 0.9768377, 0.1160409, 0.179785, -0.1133092, 0.9932345, -0.02542595, -0.181519, 0.004465748, 0.9833773
 59293773, 0.976336, 0.116207, 0.1823844, -0.1133832, 0.9932145, -0.02587043, -0.1841531, 0.004578901, 0.9828869
 59313765, 0.975858, 0.1164936, 0.184744, -0.1135806, 0.9931804, -0.02630955, -0.186549, 0.004691044, 0.9824345
 59333757, 0.9753782, 0.1167517, 0.1871005, -0.1137866, 0.9931505, -0.0265476, -0.1889184, 0.004604419, 0.981982
 59353749, 0.9749501, 0.1169114, 0.1892197, -0.1139478, 0.9931331, -0.02650464, -0.191019, 0.004279539, 0.981577
 59373741, 0.974562, 0.1169672, 0.1911739, -0.1139906, 0.9931275, -0.02653308, -0.1929635, 0.004066118, 0.9811975
 59393733, 0.974183, 0.1170556, 0.193043, -0.114084, 0.9931182, -0.02647782, -0.1948139, 0.003771112, 0.9808331
 59413725, 0.9738368, 0.1170179, 0.1948041, -0.1140454, 0.9931235, -0.02644497, -0.1965591, 0.003536574, 0.9804856
 59433717, 0.9734969, 0.1168941, 0.1965701, -0.1139015, 0.9931386, -0.02650125, -0.1983192, 0.003409255, 0.9801316
 59453709, 0.9732055, 0.1166893, 0.1981278, -0.1136601, 0.9931627, -0.02663348, -0.199881, 0.003400624, 0.9798142
 59473701, 0.972926, 0.1166864, 0.1994976, -0.1136611, 0.9931637, -0.02659104, -0.2012366, 0.003195991, 0.9795374
 59493693, 0.9726611, 0.1168269, 0.2007033, -0.1138092, 0.9931479, -0.02654959, -0.2024297, 0.002981871, 0.9792922
 59513685, 0.9724324, 0.116949, 0.2017377, -0.1139318, 0.993134, -0.02654474, -0.203457, 0.002828632, 0.9790798
 59533677, 0.9722105, 0.117082, 0.2027278, -0.1140508, 0.9931185, -0.02661129, -0.2044484, 0.0027505, 0.9788735
 59553669, 0.9720598, 0.1170398, 0.2034733, -0.1140222, 0.9931238, -0.02653238, -0.2051795, 0.002590596, 0.9787209
 59573661, 0.971907, 0.1169951, 0.2042282, -0.113981, 0.9931295, -0.02650121, -0.2059255, 0.002478567, 0.9785646
 59593653, 0.9717837, 0.1169447, 0.2048426, -0.1139184, 0.9931355, -0.02654624, -0.2065409, 0.002461853, 0.9784349
 59613645, 0.9716629, 0.1167849, 0.2055054, -0.1137352, 0.9931542, -0.02663241, -0.2072088, 0.002504527, 0.9782936
 59633637, 0.9715593, 0.1165145, 0.2061478, -0.1134585, 0.9931859, -0.02662578, -0.2078454, 0.002479294, 0.9781586
 59653629, 0.9714888, 0.1162549, 0.2066265, -0.1131745, 0.9932161, -0.02670729, -0.2083296, 0.002560967, 0.9780554
 59673621, 0.9714458, 0.1159088, 0.2070222, -0.1128193, 0.9932565, -0.02670902, -0.2087219, 0.002590264, 0.9779716
 59693613, 0.9713916, 0.1155068, 0.2075013, -0.1123943, 0.9933031, -0.02676761, -0.2092036, 0.00267986, 0.9778685
 59713605, 0.971296, 0.1152348, 0.2080983, -0.1121231, 0.9933348, -0.02672788, -0.2097912, 0.002628052, 0.9777427
 59733597, 0.9712049, 0.1150564, 0.208622, -0.1119163, 0.9933552, -0.02683399, -0.2103232, 0.002713101, 0.9776282
 59753589, 0.9710672, 0.114959, 0.2093156, -0.1117756, 0.9933662, -0.02701563, -0.2110327, 0.002837613, 0.9774749
 59773581, 0.9709088, 0.1150778, 0.209984, -0.1118278, 0.9933519, -0.02732627, -0.2117327, 0.003049251, 0.9773229
 59793573, 0.9707421, 0.1153862, 0.2105847, -0.1120869, 0.9933156, -0.02757762, -0.2123592, 0.003166959, 0.9771866
 59813565, 0.9705864, 0.1157264, 0.2111151, -0.112381, 0.9932758, -0.02781779, -0.2129148, 0.003274239, 0.9770653
 59833557, 0.9703994, 0.1159021, 0.2118766, -0.1125233, 0.9932552, -0.02797771, -0.2136902, 0.003308502, 0.9768959
 59853549, 0.9702466, 0.1159527, 0.2125475, -0.1125537, 0.9932493, -0.02806471, -0.2143668, 0.00330669, 0.9767477
 59873541, 0.970108, 0.1159172, 0.2131988, -0.1124932, 0.9932534, -0.0281645, -0.2150251, 0.003339199, 0.9766028
 59893533, 0.9699834, 0.1158526, 0.2137999, -0.1124275, 0.9932611, -0.02815302, -0.2156207, 0.003270973, 0.9764717
 59913525, 0.9698595, 0.1157926, 0.2143933, -0.1123792, 0.9932685, -0.0280845, -0.2162021, 0.003144673, 0.9763436
 59933517, 0.9697003, 0.1158821, 0.2150644, -0.1124653, 0.9932583, -0.02809961, -0.2168708, 0.003060919, 0.9761956
 59953509, 0.9695034, 0.1160528, 0.2158589, -0.112637, 0.9932387, -0.02810241, -0.2176608, 0.00293168, 0.9760202
 59973501, 0.9693186, 0.1161681, 0.216625, -0.1127964, 0.9932262, -0.02790769, -0.2183996, 0.002616922, 0.9758559
 59993493, 0.9691532, 0.1162632, 0.2173129, -0.1129377, 0.9932157, -0.02770464, -0.2190596, 0.002307222, 0.9757087
 60013485, 0.968978, 0.1163745, 0.2180336, -0.1130997, 0.9932035, -0.02748381, -0.2197501, 0.001971675, 0.9755542
 60033477, 0.9687746, 0.1163756, 0.2189352, -0.1131517, 0.993204, -0.02725079, -0.2206186, 0.001626977, 0.9753588
 60054302, 0.9686131, 0.1162501, 0.2197149, -0.1130491, 0.993219, -0.02713067, -0.221379, 0.001440554, 0.9751868
 60074294, 0.9684719, 0.1161289, 0.2204001, -0.1129665, 0.9932334, -0.02694281, -0.2220376, 0.001195527, 0.9750374
 60094286, 0.9683396, 0.1159971, 0.2210501, -0.1128746, 0.9932491, -0.02674998, -0.2226607, 0.00095213, 0.9748955
 60114278, 0.968183, 0.1160241, 0.2217204, -0.1129193, 0.9932461, -0.02667308, -0.2233177, 0.0007879211, 0.9747454
 60134270, 0.9680262, 0.1162416, 0.222291, -0.1131731, 0.9932208, -0.02653746, -0.2238688, 0.0005315932, 0.9746191
 60154262, 0.9678798, 0.1165437, 0.22277, -0.1135054, 0.9931856, -0.02643942, -0.2243332, 0.0003045834, 0.9745125
 60174254, 0.9677684, 0.116992, 0.2230184, -0.1139709, 0.9931329, -0.02641585, -0.2245774, 0.0001468211, 0.9744563
 60194246, 0.9676854, 0.1174998, 0.2231115, -0.114484, 0.993073, -0.0264504, -0.2246739, 5.298293E-05, 0.974434
 60214238, 0.9676455, 0.1178499, 0.2231003, -0.1148108, 0.9930314, -0.02659098, -0.2246794, 0.0001163073, 0.9744328
 60234230, 0.9676141, 0.1180864, 0.2231111, -0.1150302, 0.9930034, -0.02669261, -0.2247021, 0.0001636352, 0.9744275
 60254222, 0.9675766, 0.1182295, 0.2231985, -0.1151651, 0.9929863, -0.0267438, -0.2247949, 0.0001720041, 0.9744061
 60274214, 0.9675392, 0.1182123, 0.223369, -0.1151077, 0.9929883, -0.02691612, -0.2249846, 0.0003309063, 0.9743623
 60294206, 0.9675107, 0.1182654, 0.2234649, -0.1150905, 0.9929819, -0.02722643, -0.2251165, 0.0006231871, 0.9743316
 60314198, 0.9674891, 0.1183698, 0.2235027, -0.1151054, 0.9929692, -0.0276255, -0.2252013, 0.001000995, 0.9743117
 60334190, 0.9674433, 0.1185026, 0.2236304, -0.1151216, 0.9929527, -0.02814422, -0.2253896, 0.001483258, 0.9742677
 60354182, 0.9674042, 0.1186643, 0.2237142, -0.1151694, 0.9929326, -0.02865407, -0.2255333, 0.001955051, 0.9742335
 60374174, 0.9674211, 0.1187956, 0.2235708, -0.1151868, 0.9929157, -0.02916261, -0.2254514, 0.00246012, 0.9742513
 60394166, 0.9674658, 0.1188638, 0.2233418, -0.1151538, 0.9929063, -0.02961078, -0.2252771, 0.002928765, 0.9742904
 60414158, 0.9675265, 0.1188189, 0.2231019, -0.1150283, 0.9929104, -0.0299578, -0.2250798, 0.003321932, 0.9743347
 60434150, 0.96759, 0.1187363, 0.2228707, -0.114884, 0.9929191, -0.03021882, -0.2248807, 0.003635153, 0.9743796
 60454142, 0.9676435, 0.1187405, 0.222636, -0.114796, 0.992917, -0.0306234, -0.2246953, 0.004074823, 0.9744206
 60474134, 0.9676663, 0.118872, 0.2224665, -0.114804, 0.9928988, -0.03117696, -0.2245928, 0.004628852, 0.9744418
 60494126, 0.9676345, 0.1190153, 0.2225283, -0.1148397, 0.9928795, -0.03165882, -0.2247117, 0.005079077, 0.974412
 60514118, 0.9676483, 0.118981, 0.2224867, -0.1147145, 0.9928814, -0.03204987, -0.2247162, 0.005490536, 0.9744087
 60534110, 0.9676965, 0.1189028, 0.2223189, -0.1145575, 0.9928886, -0.03238761, -0.2245888, 0.005873091, 0.974436
 60554102, 0.9677253, 0.118908, 0.2221907, -0.1144644, 0.9928852, -0.0328179, -0.2245121, 0.006325792, 0.9744508
 60574094, 0.9677527, 0.1190056, 0.2220193, -0.1144673, 0.9928706, -0.03324531, -0.2243928, 0.006759291, 0.9744754
 60594086, 0.9677578, 0.1191706, 0.2219079, -0.1145609, 0.9928486, -0.03357735, -0.2243224, 0.007072771, 0.9744894
 60614078, 0.9677777, 0.1192159, 0.2217973, -0.1145588, 0.9928416, -0.03379222, -0.2242382, 0.007294532, 0.9745071
 60634070, 0.9677916, 0.1192454, 0.2217203, -0.1145793, 0.9928377, -0.03383743, -0.2241672, 0.007343025, 0.974523
 60654062, 0.967805, 0.1191369, 0.2217206, -0.1144695, 0.9928505, -0.03383108, -0.2241659, 0.00736166, 0.9745232
 60674054, 0.9678214, 0.1190023, 0.221721, -0.1143321, 0.9928665, -0.03382796, -0.224165, 0.007389595, 0.9745232
 60694046, 0.9678568, 0.11883, 0.2216591, -0.11419, 0.9928879, -0.03367918, -0.2240848, 0.007285367, 0.9745425
 60714038, 0.9678755, 0.1186888, 0.2216528, -0.114065, 0.9929052, -0.03359325, -0.2240674, 0.007231255, 0.9745468
 60734030, 0.9678563, 0.1186386, 0.2217634, -0.1140156, 0.9929113, -0.03358067, -0.2241754, 0.007216783, 0.9745221
 60754022, 0.9678063, 0.1186798, 0.2219596, -0.1140857, 0.9929075, -0.03345289, -0.2243555, 0.007053498, 0.9744818
 60774014, 0.9678012, 0.11865, 0.2219982, -0.114071, 0.9929116, -0.03338272, -0.2243854, 0.006984296, 0.9744755
 60794006, 0.9678244, 0.1184784, 0.2219882, -0.1139186, 0.9929326, -0.03328051, -0.2243623, 0.006921111, 0.9744813
 60813998, 0.9678331, 0.1183275, 0.2220308, -0.1137994, 0.9929514, -0.03312464, -0.2243853, 0.006792157, 0.9744768
 60833990, 0.967831, 0.1182421, 0.2220861, -0.1137343, 0.9929622, -0.0330249, -0.224428, 0.006703719, 0.9744677
 60853982, 0.9678025, 0.1181871, 0.2222387, -0.1136979, 0.9929694, -0.03293361, -0.2245686, 0.00660516, 0.9744359
 60873974, 0.967751, 0.1181862, 0.2224634, -0.1136867, 0.9929694, -0.03297143, -0.2247961, 0.006617012, 0.9743834
 60893966, 0.9676839, 0.118103, 0.2227996, -0.1136061, 0.9929796, -0.03294028, -0.2251258, 0.00656437, 0.9743075
 60913958, 0.9675928, 0.1180135, 0.2232421, -0.1135789, 0.9929925, -0.03264771, -0.2255306, 0.006234097, 0.9742162
 60933950, 0.967512, 0.1179666, 0.2236167, -0.1136448, 0.9930013, -0.03214535, -0.2258437, 0.005688135, 0.974147
 60953942, 0.9674776, 0.1179462, 0.2237763, -0.1137327, 0.9930065, -0.03167234, -0.2259469, 0.005191608, 0.9741257
 60973934, 0.967473, 0.1180548, 0.223739, -0.1139081, 0.992995, -0.03139736, -0.2258784, 0.004890399, 0.9741433
 60993926, 0.9674702, 0.1183108, 0.2236159, -0.1142185, 0.9929658, -0.03119442, -0.2257335, 0.00463861, 0.974178
 61013918, 0.9674648, 0.1184973, 0.2235406, -0.1144496, 0.9929445, -0.03102466, -0.2256397, 0.004431135, 0.9742007
 61033910, 0.9674602, 0.1185399, 0.2235379, -0.1145561, 0.9929406, -0.03075369, -0.2256054, 0.004145346, 0.97421
 61053902, 0.9674615, 0.1184518, 0.2235788, -0.114538, 0.9929524, -0.03044071, -0.2256089, 0.003841944, 0.9742104
 61073894, 0.9674635, 0.1182959, 0.2236525, -0.1144926, 0.9929727, -0.02994464, -0.2256231, 0.003363802, 0.9742089
 61093886, 0.9674781, 0.1182765, 0.2235996, -0.114581, 0.9929765, -0.02947715, -0.2255156, 0.002898216, 0.9742352
 61113878, 0.9674838, 0.1182867, 0.2235695, -0.1146937, 0.9929765, -0.02903583, -0.2254338, 0.002449674, 0.9742554
 61133870, 0.967485, 0.1182388, 0.2235897, -0.1147127, 0.9929829, -0.02874125, -0.2254191, 0.00215815, 0.9742595
 61153862, 0.9675545, 0.1181495, 0.2233362, -0.1146874, 0.992994, -0.02845705, -0.2251336, 0.001919904, 0.974326
 61173854, 0.9676703, 0.1179541, 0.2229374, -0.1145408, 0.9930175, -0.02822692, -0.2247103, 0.001778928, 0.9744241
 61193846, 0.9677926, 0.1178158, 0.2224793, -0.114451, 0.9930342, -0.02800384, -0.2242288, 0.001638932, 0.9745352
 61213838, 0.9679164, 0.1177477, 0.2219759, -0.114432, 0.9930424, -0.02778603, -0.2237032, 0.001493403, 0.9746562
 61233830, 0.9680126, 0.1176725, 0.2215965, -0.1143639, 0.9930513, -0.02774929, -0.223322, 0.00151903, 0.9747436
 61253822, 0.9681215, 0.1175612, 0.221179, -0.1142682, 0.9930645, -0.02767165, -0.2228981, 0.001515796, 0.9748406
 61273814, 0.9682485, 0.1174482, 0.2206829, -0.1142046, 0.9930781, -0.02744563, -0.2223787, 0.001371201, 0.9749594
 61293806, 0.9683766, 0.1172829, 0.2202075, -0.1140737, 0.9930977, -0.02727946, -0.221887, 0.0012969, 0.9750715
 61313798, 0.9684723, 0.1171771, 0.2198433, -0.1140209, 0.9931105, -0.02703621, -0.2214967, 0.001117082, 0.9751605
 61333790, 0.9685025, 0.1172593, 0.2196661, -0.1141494, 0.9931009, -0.0268421, -0.2212981, 0.000921875, 0.9752058
 61353782, 0.9684881, 0.1174172, 0.2196451, -0.114358, 0.9930825, -0.02663656, -0.2212533, 0.0006790217, 0.9752162
 61373774, 0.9684691, 0.1176231, 0.2196188, -0.1146034, 0.9930583, -0.02648557, -0.2212095, 0.0004813969, 0.9752262
 61393766, 0.9684559, 0.1177421, 0.2196136, -0.1147476, 0.9930441, -0.02638779, -0.2211929, 0.0003552865, 0.97523
 61413758, 0.9684369, 0.1178716, 0.2196279, -0.1148488, 0.9930288, -0.02652692, -0.2212236, 0.0004656463, 0.975223
 61433750, 0.9683917, 0.1180755, 0.2197174, -0.11499, 0.9930043, -0.02682611, -0.2213479, 0.0007128881, 0.9751946
 61453742, 0.9682989, 0.1180442, 0.2201434, -0.1148963, 0.9930079, -0.02709538, -0.2218025, 0.0009427759, 0.9750912
 61473734, 0.9682062, 0.117768, 0.2206973, -0.1145793, 0.9930406, -0.0272414, -0.2223695, 0.001087963, 0.9749618
 61493726, 0.9680818, 0.1174039, 0.2214365, -0.1141882, 0.9930835, -0.02731393, -0.2231117, 0.001156674, 0.9747922
 61513718, 0.9679763, 0.1171296, 0.222042, -0.1139355, 0.9931161, -0.0271859, -0.2236978, 0.001016836, 0.9746581
 61533710, 0.9678491, 0.1170938, 0.2226146, -0.1139469, 0.9931206, -0.02697402, -0.2242416, 0.0007405317, 0.9745333
 61553702, 0.9677648, 0.1169833, 0.2230387, -0.1138681, 0.9931338, -0.02682279, -0.2246451, 0.0005611516, 0.9744406
 61573694, 0.9676942, 0.116858, 0.2234103, -0.1137374, 0.9931484, -0.02683103, -0.2250151, 0.0005541201, 0.9743552
 61593686, 0.9676591, 0.1167991, 0.2235933, -0.1136516, 0.9931554, -0.0269403, -0.2252095, 0.0006572866, 0.9743102
 61613678, 0.9676248, 0.11675, 0.2237672, -0.1135747, 0.993161, -0.02705433, -0.2253955, 0.0007641501, 0.9742671
 61633670, 0.9675705, 0.11681, 0.2239706, -0.1136123, 0.9931539, -0.02715731, -0.2256095, 0.0008307956, 0.9742175
 61653662, 0.9674273, 0.1170197, 0.2244787, -0.1138196, 0.9931293, -0.02718963, -0.2261181, 0.0007539017, 0.9740996
 61673654, 0.9672443, 0.1174099, 0.2250629, -0.114217, 0.9930834, -0.02720146, -0.2266999, 0.0006044394, 0.9739645
 61693646, 0.967118, 0.1177372, 0.2254348, -0.1145506, 0.9930447, -0.02721097, -0.2270706, 0.0004925242, 0.9738781
 61713638, 0.9670476, 0.1178559, 0.2256745, -0.1146319, 0.9930305, -0.02738473, -0.2273291, 0.0006128419, 0.9738178
 61733630, 0.96697, 0.1179375, 0.2259644, -0.1146835, 0.9930208, -0.02752165, -0.2276332, 0.0006982162, 0.9737467
 61753622, 0.9669456, 0.1178424, 0.2261179, -0.1145974, 0.9930322, -0.02747139, -0.2277796, 0.0006508063, 0.9737125
 61773614, 0.9669417, 0.1176652, 0.2262274, -0.114478, 0.9930532, -0.02720368, -0.2278567, 0.00040631, 0.9736946
 61793606, 0.9669572, 0.1177106, 0.2261369, -0.1145647, 0.993048, -0.02703285, -0.2277468, 0.0002323016, 0.9737203
 61813598, 0.967001, 0.1176979, 0.225957, -0.1145816, 0.9930494, -0.02690497, -0.2275531, 0.000126617, 0.9737657
 61833590, 0.9670766, 0.1175781, 0.2256951, -0.1144753, 0.9930637, -0.02683374, -0.2272847, 0.0001137815, 0.9738284
 61853582, 0.9671504, 0.1174736, 0.225433, -0.1143798, 0.993076, -0.02678316, -0.2270184, 0.0001183711, 0.9738905
 61873574, 0.9672394, 0.1173228, 0.2251296, -0.1142014, 0.9930938, -0.02688434, -0.2267289, 0.0002934877, 0.9739579
 61893566, 0.9673336, 0.1171589, 0.2248097, -0.1139793, 0.993113, -0.02711607, -0.2264383, 0.0006066337, 0.9740254
 61913558, 0.9674182, 0.1169988, 0.2245292, -0.1137545, 0.9931316, -0.02737733, -0.2261902, 0.0009441059, 0.9740827
 61933550, 0.9675133, 0.1168984, 0.2241716, -0.1136254, 0.9931433, -0.027491, -0.2258482, 0.001126312, 0.9741619
 61953542, 0.9675715, 0.1168397, 0.2239505, -0.1135677, 0.9931502, -0.02748154, -0.2256274, 0.001156811, 0.9742131
