TimeUS,m00,m01,m02,m10,m11,m12,m20,m21,m22
 55914292, 0.993917, 0.1101211, 0.001481582, -0.1101175, 0.9939159, -0.002315464, -0.001727549, 0.002138231, 0.9999962
 55934284, 0.9939174, 0.1101187, 0.001481625, -0.1101152, 0.9939162, -0.00231497, -0.001727533, 0.002137739, 0.9999962
 55954276, 0.9939177, 0.1101158, 0.001482468, -0.1101122, 0.9939165, -0.002315489, -0.001728421, 0.002138167, 0.9999962
 55974268, 0.9939179, 0.1101136, 0.001482608, -0.11011, 0.9939167, -0.002314965, -0.001728498, 0.002137635, 0.9999962
 55994260, 0.9939182, 0.1101111, 0.001482825, -0.1101075, 0.993917, -0.002314651, -0.001728674, 0.002137303, 0.9999962
 56014252, 0.9939184, 0.1101094, 0.001482766, -0.1101058, 0.9939172, -0.002313856, -0.001728523, 0.002136523, 0.9999962
 56034244, 0.9939187, 0.1101072, 0.001483054, -0.1101037, 0.9939175, -0.002313305, -0.001728745, 0.002135947, 0.9999962
 56054236, 0.993919, 0.1101046, 0.001484137, -0.110101, 0.9939178, -0.00231367, -0.001729856, 0.002136196, 0.9999962
 56074228, 0.9939192, 0.1101022, 0.001484757, -0.1100986, 0.993918, -0.002313808, -0.001730482, 0.002136269, 0.9999962
 56094220, 0.9939194, 0.1100999, 0.001485226, -0.1100963, 0.9939182, -0.002313879, -0.001730951, 0.002136292, 0.9999963
 56114212, 0.9939197, 0.1100978, 0.001485653, -0.1100942, 0.9939185, -0.002313546, -0.001731335, 0.002135917, 0.9999962
 56134204, 0.99392, 0.1100954, 0.001486424, -0.1100918, 0.9939188, -0.002313671, -0.001732109, 0.00213596, 0.9999962
 56154196, 0.9939202, 0.110093, 0.001487655, -0.1100894, 0.993919, -0.002314123, -0.001733377, 0.002136278, 0.9999962
 56174188, 0.9939204, 0.1100909, 0.001488049, -0.1100873, 0.9939193, -0.002313969, -0.001733747, 0.002136086, 0.9999962
 56194180, 0.9939207, 0.1100889, 0.001488566, -0.1100853, 0.9939195, -0.002314115, -0.001734273, 0.002136177, 0.9999962
 56214172, 0.9939209, 0.1100869, 0.001488863, -0.1100833, 0.9939197, -0.00231402, -0.001734553, 0.002136054, 0.9999962
 56234164, 0.9939212, 0.1100846, 0.001489382, -0.1100811, 0.99392, -0.002314242, -0.001735089, 0.002136221, 0.9999962
 56254156, 0.9939215, 0.1100821, 0.001489939, -0.1100785, 0.9939203, -0.002313815, -0.00173559, 0.002135739, 0.9999962
 56274148, 0.9939217, 0.11008, 0.001490291, -0.1100763, 0.9939205, -0.002313171, -0.001735865, 0.002135064, 0.9999962
 56294140, 0.9939218, 0.110078, 0.001490462, -0.1100744, 0.9939206, -0.002312463, -0.001735952, 0.002134346, 0.9999963
 56314132, 0.9939221, 0.1100761, 0.001490382, -0.1100725, 0.9939209, -0.002311359, -0.001735747, 0.002133261, 0.9999963
 56334124, 0.9939222, 0.1100742, 0.001490347, -0.1100706, 0.9939211, -0.002310653, -0.00173563, 0.002132566, 0.9999962
 56354116, 0.9939227, 0.1100713, 0.001490797, -0.1100677, 0.9939214, -0.002310525, -0.001736057, 0.002132394, 0.9999963
 56374108, 0.9939229, 0.1100689, 0.001490846, -0.1100653, 0.9939217, -0.002309842, -0.001736026, 0.002131714, 0.9999963
 56394100, 0.9939232, 0.1100664, 0.001490933, -0.1100628, 0.993922, -0.00230926, -0.001736043, 0.002131131, 0.9999962
 56414092, 0.9939234, 0.1100645, 0.00149076, -0.110061, 0.9939222, -0.002308062, -0.001735735, 0.002129962, 0.9999963
 56434084, 0.9939236, 0.1100624, 0.001490839, -0.1100588, 0.9939224, -0.002307422, -0.001735739, 0.002129322, 0.9999963
 56454076, 0.9939239, 0.1100592, 0.001509759, -0.1100556, 0.9939228, -0.002309652, -0.001754782, 0.002129461, 0.9999962
 56474068, 0.9939242, 0.1100564, 0.001528273, -0.1100528, 0.9939231, -0.002311436, -0.001773374, 0.002129202, 0.9999962
 56494060, 0.9939244, 0.1100539, 0.00154697, -0.1100502, 0.9939234, -0.002313008, -0.001792125, 0.002128711, 0.9999962
 56514052, 0.9939246, 0.1100521, 0.001565308, -0.1100483, 0.9939236, -0.002314307, -0.001810491, 0.002127987, 0.9999962
 56534044, 0.9939249, 0.1100498, 0.001584138, -0.110046, 0.9939238, -0.002315936, -0.001829381, 0.002127538, 0.9999961
 56554036, 0.9939252, 0.1100468, 0.001603066, -0.1100429, 0.9939242, -0.002317941, -0.001848408, 0.002127453, 0.999996
 56574028, 0.9939255, 0.1100441, 0.001621716, -0.1100402, 0.9939245, -0.002319546, -0.001867115, 0.002127002, 0.999996
 56594020, 0.9939257, 0.1100418, 0.00164026, -0.1100378, 0.9939247, -0.002321222, -0.001885726, 0.002126632, 0.9999959
 56614012, 0.9939259, 0.1100392, 0.001658606, -0.1100352, 0.993925, -0.002322797, -0.001904129, 0.002126183, 0.9999959
 56634004, 0.9939262, 0.1100366, 0.001677128, -0.1100326, 0.9939253, -0.002324427, -0.001922712, 0.002125769, 0.9999959
 56653996, 0.9939264, 0.1100333, 0.001767952, -0.110029, 0.9939257, -0.002336528, -0.002014309, 0.002127811, 0.9999957
 56673988, 0.9939266, 0.1100301, 0.00185863, -0.1100256, 0.9939259, -0.002348127, -0.002105705, 0.002129369, 0.9999955
 56693980, 0.9939267, 0.1100267, 0.001949108, -0.110022, 0.9939264, -0.002359818, -0.002196913, 0.002131042, 0.9999954
 56713972, 0.9939268, 0.1100242, 0.002039628, -0.1100193, 0.9939267, -0.002371363, -0.002288148, 0.002132563, 0.9999952
 56733964, 0.9939269, 0.1100217, 0.002130044, -0.1100166, 0.9939269, -0.002383045, -0.002379294, 0.002134233, 0.9999949
 56753956, 0.993927, 0.1100195, 0.002220998, -0.1100141, 0.9939272, -0.00239533, -0.002471043, 0.002136441, 0.9999947
 56773948, 0.993927, 0.1100176, 0.002311578, -0.1100121, 0.9939274, -0.002407205, -0.002562376, 0.002138285, 0.9999945
 56793940, 0.993927, 0.1100158, 0.002402132, -0.11001, 0.9939276, -0.002418911, -0.002653663, 0.002139962, 0.9999942
 56813932, 0.9939269, 0.1100149, 0.002492467, -0.1100089, 0.9939276, -0.002430341, -0.002744705, 0.002141387, 0.999994
 56833924, 0.9939268, 0.110013, 0.002583007, -0.1100068, 0.9939279, -0.002442058, -0.002835981, 0.002143078, 0.9999937
 56853916, 0.993927, 0.1100105, 0.002634511, -0.1100041, 0.9939281, -0.002456894, -0.002888799, 0.002152166, 0.9999935
 56873908, 0.9939272, 0.1100076, 0.002685602, -0.1100011, 0.9939284, -0.002471359, -0.002941164, 0.002160931, 0.9999933
 56893900, 0.9939274, 0.1100046, 0.002736705, -0.1099979, 0.9939287, -0.002485899, -0.002993549, 0.002169772, 0.9999931
 56913892, 0.9939276, 0.1100011, 0.002787379, -0.1099943, 0.9939291, -0.00250005, -0.003045466, 0.002178273, 0.999993
 56933884, 0.993928, 0.1099967, 0.002838726, -0.1099897, 0.9939296, -0.002514894, -0.003098124, 0.002187393, 0.9999928
 56953876, 0.9939283, 0.1099921, 0.002889856, -0.1099849, 0.99393, -0.002529327, -0.00315052, 0.002196129, 0.9999927
 56973868, 0.9939286, 0.1099886, 0.002940845, -0.1099813, 0.9939304, -0.002543766, -0.00320278, 0.002204884, 0.9999925
 56993860, 0.9939288, 0.1099847, 0.002991845, -0.1099773, 0.9939308, -0.002558349, -0.003255066, 0.002213782, 0.9999923
 57013852, 0.9939293, 0.1099797, 0.003042654, -0.109972, 0.9939314, -0.002572497, -0.003307112, 0.002222273, 0.9999921
 57033844, 0.9939296, 0.1099741, 0.003094104, -0.1099663, 0.9939319, -0.002587312, -0.003359867, 0.002231359, 0.9999918
 57053836, 0.99393, 0.1099694, 0.003135395, -0.1099615, 0.9939325, -0.002600216, -0.003402315, 0.00223966, 0.9999917
 57073828, 0.9939304, 0.1099653, 0.003176582, -0.1099572, 0.9939328, -0.002613009, -0.003444649, 0.002247861, 0.9999915
 57093820, 0.9939306, 0.1099617, 0.003217622, -0.1099535, 0.9939333, -0.002625816, -0.003486841, 0.00225609, 0.9999915
 57113812, 0.9939309, 0.1099583, 0.003259083, -0.10995, 0.9939337, -0.002638935, -0.003529485, 0.002264583, 0.9999913
 57133804, 0.9939311, 0.1099547, 0.003300652, -0.1099462, 0.993934, -0.002652284, -0.003572261, 0.002273293, 0.999991
 57153796, 0.9939313, 0.1099521, 0.003342322, -0.1099435, 0.9939343, -0.002665407, -0.003615115, 0.002281764, 0.9999909
 57173788, 0.9939315, 0.1099487, 0.003386303, -0.1099399, 0.9939347, -0.002678596, -0.003660272, 0.002290051, 0.9999907
 57193780, 0.9939315, 0.1099478, 0.003432477, -0.1099388, 0.9939348, -0.002691944, -0.003707631, 0.002298245, 0.9999905
 57213772, 0.9939314, 0.109947, 0.003480837, -0.1099379, 0.9939348, -0.002705846, -0.003757224, 0.00230675, 0.9999903
 57233764, 0.9939312, 0.1099469, 0.003530026, -0.1099377, 0.9939348, -0.002719826, -0.003807652, 0.002315237, 0.99999
 57253756, 0.9939311, 0.1099467, 0.003590362, -0.1099372, 0.9939348, -0.00273931, -0.003869764, 0.002327971, 0.9999898
 57273748, 0.9939308, 0.1099469, 0.003654077, -0.1099372, 0.9939348, -0.002759424, -0.003935304, 0.002340957, 0.9999896
 57293740, 0.9939305, 0.109948, 0.003719878, -0.1099381, 0.9939346, -0.00277935, -0.004002899, 0.002353524, 0.9999892
 57313732, 0.9939301, 0.109949, 0.003788621, -0.1099388, 0.9939345, -0.002799734, -0.004073469, 0.002366223, 0.9999889
 57333724, 0.9939298, 0.1099483, 0.003858344, -0.1099379, 0.9939345, -0.002820723, -0.004145076, 0.002379423, 0.9999886
 57353716, 0.9939296, 0.1099476, 0.00392731, -0.1099369, 0.9939346, -0.002841139, -0.004215865, 0.002392136, 0.9999883
 57373708, 0.9939295, 0.1099471, 0.003996457, -0.1099362, 0.9939346, -0.002861658, -0.004286847, 0.002404931, 0.999988
 57393700, 0.9939291, 0.1099473, 0.004065315, -0.1099361, 0.9939345, -0.002881775, -0.0043575, 0.002417355, 0.9999876
 57413692, 0.9939288, 0.1099479, 0.004136493, -0.1099364, 0.9939345, -0.00290237, -0.004430512, 0.002429998, 0.9999873
 57433684, 0.9939284, 0.109948, 0.004209052, -0.1099363, 0.9939344, -0.002923541, -0.00450496, 0.002443064, 0.9999869
 57453676, 0.9939283, 0.1099476, 0.00425616, -0.1099356, 0.9939344, -0.002942742, -0.004553891, 0.002456971, 0.9999866
 57473668, 0.9939281, 0.1099469, 0.0043046, -0.1099347, 0.9939345, -0.00296202, -0.004604156, 0.002470809, 0.9999864
 57493660, 0.9939279, 0.1099469, 0.00435498, -0.1099346, 0.9939344, -0.002981314, -0.004656351, 0.002484448, 0.9999861
 57513652, 0.9939277, 0.1099472, 0.004404956, -0.1099347, 0.9939343, -0.003000917, -0.00470818, 0.002498437, 0.9999858
 57533644, 0.9939277, 0.1099455, 0.004453432, -0.1099328, 0.9939345, -0.003020611, -0.004758522, 0.002512691, 0.9999855
 57553636, 0.9939275, 0.1099446, 0.004502763, -0.1099316, 0.9939346, -0.00304016, -0.0048097, 0.002526703, 0.9999852
 57573628, 0.9939274, 0.1099442, 0.004551492, -0.109931, 0.9939346, -0.003059646, -0.004860275, 0.002540716, 0.999985
 57593620, 0.9939272, 0.1099441, 0.004598156, -0.1099307, 0.9939346, -0.003078465, -0.004908724, 0.002554292, 0.9999847
 57613612, 0.9939271, 0.109943, 0.004643685, -0.1099293, 0.9939346, -0.003097512, -0.004956068, 0.002568224, 0.9999844
 57633604, 0.9939272, 0.1099396, 0.00469111, -0.1099258, 0.9939349, -0.003117083, -0.005005349, 0.00258248, 0.9999842
 57653596, 0.9939275, 0.1099368, 0.004696772, -0.1099228, 0.9939352, -0.003131802, -0.005012588, 0.002596502, 0.9999841
 57673588, 0.9939276, 0.1099359, 0.004703137, -0.1099219, 0.9939353, -0.003146475, -0.005020524, 0.002610391, 0.9999841
 57693580, 0.9939277, 0.1099351, 0.004707969, -0.109921, 0.9939353, -0.003160749, -0.005026894, 0.002624051, 0.9999839
 57713572, 0.9939279, 0.1099325, 0.004712175, -0.1099183, 0.9939356, -0.003175484, -0.005032687, 0.002638247, 0.9999839
 57733564, 0.9939283, 0.1099289, 0.004716595, -0.1099146, 0.9939359, -0.003190601, -0.005038732, 0.002652806, 0.9999838
 57753556, 0.9939285, 0.1099268, 0.004718505, -0.1099124, 0.9939361, -0.003204903, -0.005042197, 0.002666822, 0.9999838
 57773548, 0.9939287, 0.1099247, 0.004720129, -0.1099103, 0.9939363, -0.003219296, -0.005045387, 0.002680961, 0.9999837
 57793540, 0.993929, 0.1099224, 0.004721471, -0.1099079, 0.9939365, -0.003233088, -0.005048231, 0.002694533, 0.9999837
 57813532, 0.9939291, 0.1099208, 0.004724367, -0.1099062, 0.9939367, -0.003247446, -0.005052683, 0.002708495, 0.9999836
 57833524, 0.9939292, 0.1099199, 0.004727432, -0.1099052, 0.9939367, -0.003262373, -0.005057367, 0.002722998, 0.9999835
 57853516, 0.9939295, 0.1099182, 0.004707938, -0.1099035, 0.993937, -0.003279514, -0.005039871, 0.002742186, 0.9999835
 57873508, 0.9939298, 0.1099163, 0.004688369, -0.1099016, 0.993937, -0.003296679, -0.005022302, 0.002761408, 0.9999835
 57893500, 0.99393, 0.1099156, 0.004667439, -0.1099008, 0.9939371, -0.003313352, -0.00500333, 0.002780285, 0.9999837
 57913492, 0.9939303, 0.1099136, 0.004647738, -0.1098988, 0.9939373, -0.003330689, -0.004985648, 0.002799692, 0.9999837
 57933484, 0.9939306, 0.1099116, 0.004628424, -0.1098968, 0.9939374, -0.003348479, -0.0049684, 0.002819506, 0.9999837
 57953476, 0.9939309, 0.1099106, 0.004609523, -0.1098958, 0.9939375, -0.003365724, -0.004951506, 0.002838729, 0.9999837
 57974301, 0.9939308, 0.1099112, 0.004587444, -0.1098963, 0.9939374, -0.003383247, -0.004931489, 0.002858571, 0.9999838
 57994293, 0.993931, 0.1099113, 0.004568197, -0.1098964, 0.9939373, -0.003400533, -0.004914258, 0.002877866, 0.9999838
 58014285, 0.9939311, 0.1099108, 0.004549209, -0.1098959, 0.9939372, -0.003418028, -0.004897306, 0.002897345, 0.9999838
 58034277, 0.9939312, 0.1099104, 0.004531053, -0.1098954, 0.9939373, -0.003435434, -0.004881172, 0.002916643, 0.9999838
 58054269, 0.9939313, 0.1099106, 0.004515571, -0.1098956, 0.9939371, -0.003444666, -0.004866799, 0.00292752, 0.9999839
 58074261, 0.9939314, 0.1099101, 0.004500769, -0.1098951, 0.9939373, -0.003453538, -0.00485306, 0.002937967, 0.9999839
 58094253, 0.9939314, 0.1099111, 0.004485567, -0.1098961, 0.9939371, -0.003462335, -0.00483892, 0.002948377, 0.999984
 58114245, 0.9939312, 0.1099126, 0.004472044, -0.1098976, 0.9939368, -0.003471131, -0.00482645, 0.002958599, 0.999984
 58134237, 0.9939311, 0.1099149, 0.004459981, -0.1098999, 0.9939367, -0.00347992, -0.004815434, 0.002968648, 0.999984
 58154229, 0.9939309, 0.1099169, 0.004449686, -0.1099018, 0.9939363, -0.003489635, -0.004806275, 0.002979427, 0.999984
 58174221, 0.9939308, 0.1099185, 0.004439203, -0.1099035, 0.9939362, -0.003499021, -0.004796891, 0.002989901, 0.999984
 58194213, 0.9939323, 0.1099027, 0.004482628, -0.1098877, 0.9939379, -0.003473106, -0.004837158, 0.002959447, 0.999984
 58214205, 0.9939402, 0.1098046, 0.005087044, -0.1097887, 0.9939495, -0.003315453, -0.005420317, 0.002736862, 0.9999816
 58234197, 0.9939522, 0.1096179, 0.006549927, -0.1096004, 0.9939712, -0.002987369, -0.006837908, 0.002251428, 0.9999741
 58254189, 0.9939815, 0.109217, 0.008511854, -0.1091986, 0.9940165, -0.002603068, -0.008745224, 0.001657919, 0.9999604
 58274181, 0.9940029, 0.1088298, 0.01069535, -0.1088105, 0.9940597, -0.002376466, -0.01089045, 0.001198448, 0.99994
 58294173, 0.9940129, 0.1084857, 0.01300816, -0.1084646, 0.9940977, -0.002322447, -0.01318333, 0.0008976174, 0.9999127
 58314165, 0.9940231, 0.108089, 0.01532057, -0.108066, 0.994141, -0.002321624, -0.01548175, 0.0006521143, 0.99988
 58334157, 0.9940186, 0.107737, 0.01787896, -0.1077156, 0.9941794, -0.002159731, -0.01800757, 0.0002209703, 0.9998379
 58354149, 0.9939924, 0.107518, 0.02046586, -0.1074994, 0.9942031, -0.002012037, -0.02056355, -0.0002001182, 0.9997885
 58374141, 0.9939387, 0.1074377, 0.02329765, -0.1074212, 0.9942117, -0.001965923, -0.02337401, -0.000548653, 0.9997267
 58394133, 0.9938639, 0.1074368, 0.0263038, -0.1074274, 0.9942114, -0.001774366, -0.02634216, -0.001062269, 0.9996525
 58414125, 0.9937764, 0.1074302, 0.02945053, -0.1074286, 0.9942115, -0.001640568, -0.0294563, -0.001533471, 0.9995649
 58434117, 0.9936514, 0.1076018, 0.03284524, -0.1075984, 0.9941927, -0.00187596, -0.03285635, -0.001670045, 0.9994587
 58454109, 0.9935014, 0.1078741, 0.03631027, -0.1078569, 0.9941635, -0.002437219, -0.03636125, -0.001494933, 0.9993377
 58474101, 0.9933411, 0.1080931, 0.03986709, -0.1080551, 0.9941401, -0.003112604, -0.03996992, -0.001215964, 0.9992001
 58494093, 0.9931708, 0.1083863, 0.04317607, -0.1083271, 0.9941084, -0.003715948, -0.04332446, -0.0009865682, 0.9990606
 58514085, 0.9930121, 0.1085389, 0.04632769, -0.1084599, 0.9940919, -0.004224346, -0.04651249, -0.0008298694, 0.9989173
 58534077, 0.992834, 0.108674, 0.0497066, -0.1085682, 0.9940773, -0.004832417, -0.04993736, -0.000598767, 0.9987522
 58554069, 0.9926316, 0.1088548, 0.05322699, -0.1087146, 0.9940577, -0.005531142, -0.05351279, -0.0002961638, 0.9985672
 58574061, 0.9924102, 0.1091487, 0.0566459, -0.1089726, 0.9940255, -0.006196939, -0.05698386, -2.294718E-05, 0.9983752
 58594053, 0.9921641, 0.1096995, 0.05980443, -0.1094805, 0.9939648, -0.006935703, -0.06020433, 0.000333935, 0.998186
 58614045, 0.9919579, 0.1100414, 0.06253386, -0.109783, 0.9939268, -0.007564071, -0.06298643, 0.0006380865, 0.9980142
 58634037, 0.99177, 0.1104306, 0.06478654, -0.1101381, 0.9938835, -0.008080233, -0.06528258, 0.0008782679, 0.9978665
 58654029, 0.9915846, 0.1109236, 0.06675201, -0.1106162, 0.9938286, -0.008294437, -0.0672601, 0.0008407812, 0.9977351
 58674021, 0.9914216, 0.1113312, 0.06847326, -0.1110108, 0.9937831, -0.008478654, -0.0689915, 0.0008046494, 0.997617
 58694013, 0.991274, 0.1117269, 0.06994974, -0.1113842, 0.9937386, -0.008793416, -0.0704942, 0.0009253882, 0.9975117
 58714005, 0.9911464, 0.1121262, 0.07110947, -0.1117589, 0.9936934, -0.009135555, -0.07168534, 0.001107558, 0.9974267
 58733997, 0.9910672, 0.1122208, 0.07205863, -0.1118276, 0.9936824, -0.009481288, -0.07266738, 0.00133845, 0.9973554
 58753989, 0.9910541, 0.1118876, 0.07275324, -0.111467, 0.9937195, -0.009828461, -0.07339599, 0.001630953, 0.9973016
 58773981, 0.9910178, 0.1118409, 0.07331694, -0.1114023, 0.9937245, -0.01005733, -0.07398167, 0.001799315, 0.9972581
 58793973, 0.9910073, 0.1116959, 0.07367803, -0.1112397, 0.9937405, -0.01027866, -0.07436492, 0.001990303, 0.9972291
 58813965, 0.9909854, 0.1117892, 0.07383315, -0.1113193, 0.9937296, -0.01046187, -0.07453971, 0.002148501, 0.9972158
 58833957, 0.9909654, 0.1119118, 0.073914, -0.1114144, 0.993715, -0.01083068, -0.07466154, 0.002497746, 0.9972059
 58853949, 0.9909656, 0.1120061, 0.07377015, -0.1114933, 0.9937038, -0.01104518, -0.0745428, 0.002720512, 0.9972141
 58873941, 0.9909787, 0.1120709, 0.07349463, -0.1115481, 0.993696, -0.01119343, -0.07428578, 0.002894263, 0.9972329
 58893933, 0.9909744, 0.1122456, 0.07328603, -0.1117193, 0.9936761, -0.01125553, -0.07408595, 0.002966475, 0.9972475
 58913925, 0.9909682, 0.1122835, 0.07331094, -0.1117626, 0.9936721, -0.01118186, -0.07410257, 0.002887442, 0.9972464
 58933917, 0.9909292, 0.1123546, 0.07372704, -0.1118255, 0.9936639, -0.01127911, -0.07452716, 0.002932231, 0.9972147
 58953909, 0.9908429, 0.1126154, 0.07448553, -0.1120488, 0.9936332, -0.01175527, -0.07533513, 0.003301603, 0.9971528
 58973901, 0.9907519, 0.1128527, 0.07533203, -0.1122453, 0.9936049, -0.01226201, -0.07623408, 0.003692945, 0.9970831
 58993893, 0.990634, 0.1132964, 0.07621145, -0.1126594, 0.9935536, -0.01262049, -0.07715001, 0.00391635, 0.9970118
 59013885, 0.9905373, 0.1135286, 0.07711684, -0.1128587, 0.993526, -0.01300438, -0.07809395, 0.004178021, 0.9969373
 59033877, 0.9904281, 0.1137358, 0.078207, -0.1130398, 0.9935017, -0.01328418, -0.07920966, 0.004316525, 0.9968486
 59053869, 0.9903289, 0.1138486, 0.07929109, -0.1131255, 0.9934881, -0.01356714, -0.08031937, 0.004466088, 0.9967592
 59073861, 0.9902626, 0.1137876, 0.08020246, -0.1130597, 0.9934955, -0.0135733, -0.08122525, 0.004373464, 0.9966862
 59093853, 0.9902028, 0.113787, 0.08093813, -0.1130662, 0.9934964, -0.01344881, -0.08194204, 0.004165681, 0.9966284
 59113845, 0.9901338, 0.1138637, 0.08167075, -0.1131516, 0.9934887, -0.01331109, -0.0826546, 0.003938591, 0.9965705
 59133837, 0.9900608, 0.1138693, 0.08254396, -0.1131641, 0.9934888, -0.01318812, -0.08350821, 0.003716027, 0.9965001
 59153829, 0.9899951, 0.1137306, 0.08351769, -0.1130318, 0.9935055, -0.01306403, -0.08446106, 0.003493168, 0.9964207
 59173821, 0.989888, 0.1138108, 0.08466937, -0.1131082, 0.9934968, -0.0130655, -0.08560573, 0.003356579, 0.9963234
 59193813, 0.9898053, 0.1136275, 0.08587275, -0.1129192, 0.9935181, -0.01307682, -0.08680201, 0.003246818, 0.9962203
 59213805, 0.9897135, 0.1133822, 0.08724494, -0.1126735, 0.9935468, -0.01302157, -0.08815834, 0.003057428, 0.9961019
 59233797, 0.9895769, 0.113441, 0.08870506, -0.1127338, 0.9935408, -0.0129589, -0.08960216, 0.002823765, 0.9959736
 59253789, 0.9894324, 0.1136182, 0.09007993, -0.112904, 0.9935209, -0.01300126, -0.09097347, 0.00269348, 0.9958497
 59273781, 0.9892901, 0.1136947, 0.09153477, -0.1129728, 0.9935124, -0.01304715, -0.09242432, 0.002566479, 0.9957164
 59293773, 0.9891279, 0.1138545, 0.09307621, -0.1131029, 0.993494, -0.01332832, -0.09398813, 0.002656223, 0.9955698
 59313765, 0.9889581, 0.1141769, 0.09447609, -0.1133935, 0.9934566, -0.01363671, -0.09541488, 0.00277316, 0.9954337
 59333757, 0.9887815, 0.1144916, 0.09593192, -0.1136995, 0.9934208, -0.01370132, -0.09686945, 0.002640199, 0.9952937
 59353749, 0.988628, 0.1147138, 0.09723889, -0.1139457, 0.9933962, -0.0134335, -0.09813775, 0.002200776, 0.9951705
 59373741, 0.9884989, 0.1147899, 0.0984543, -0.1140341, 0.993388, -0.01328873, -0.09932873, 0.00190875, 0.9950529
 59393733, 0.9883612, 0.1149205, 0.09967709, -0.1141861, 0.9933735, -0.01306068, -0.1005175, 0.001526932, 0.9949342
 59413725, 0.9882418, 0.1148818, 0.1008978, -0.1141632, 0.9933785, -0.01288635, -0.1017101, 0.00121601, 0.9948134
 59433717, 0.9881278, 0.1147202, 0.1021896, -0.1140034, 0.9933974, -0.01284633, -0.1029886, 0.001043852, 0.9946821
 59453709, 0.9880462, 0.1144448, 0.1032827, -0.1137153, 0.9934291, -0.01294343, -0.1040853, 0.00104389, 0.9945678
 59473701, 0.9879425, 0.1144376, 0.104277, -0.1137116, 0.9934301, -0.01290031, -0.1050682, 0.0008872576, 0.9944647
 59493693, 0.9878218, 0.1146007, 0.1052363, -0.113868, 0.9934113, -0.01296493, -0.1060287, 0.0008239918, 0.9943627
 59513685, 0.987707, 0.1147246, 0.1061761, -0.1139675, 0.9933969, -0.01319133, -0.1069883, 0.000928544, 0.9942598
 59533677, 0.987577, 0.1148417, 0.107252, -0.1140349, 0.993383, -0.01364514, -0.1081094, 0.00124515, 0.9941382
 59553669, 0.9874778, 0.1147654, 0.1082428, -0.1139122, 0.9933914, -0.01405411, -0.1091403, 0.001547961, 0.9940252
 59573661, 0.9873528, 0.1146757, 0.1094717, -0.1137543, 0.993401, -0.01464644, -0.1104289, 0.002008327, 0.993882
 59593653, 0.9872206, 0.1145698, 0.1107673, -0.1135564, 0.9934117, -0.01543583, -0.111806, 0.002660229, 0.9937266
 59613645, 0.9870655, 0.1143409, 0.1123741, -0.1132118, 0.9934355, -0.01639896, -0.1135115, 0.003464767, 0.9935306
 59633637, 0.986892, 0.1140071, 0.1142211, -0.1127557, 0.9934707, -0.01737836, -0.1154566, 0.004271478, 0.9933034
 59653629, 0.9867111, 0.1137139, 0.1160617, -0.1123193, 0.9934998, -0.0185076, -0.1174119, 0.00522568, 0.9930696
 59673621, 0.9865193, 0.1133556, 0.1180262, -0.1118159, 0.9935355, -0.01960753, -0.1194859, 0.006146, 0.9928169
 59693613, 0.9862972, 0.1129583, 0.1202421, -0.1112591, 0.9935743, -0.02077429, -0.1218161, 0.007111597, 0.9925272
 59713605, 0.9860078, 0.1127373, 0.1227962, -0.1108806, 0.9935931, -0.02187232, -0.1244753, 0.007950561, 0.992191
 59733597, 0.9856831, 0.1126294, 0.1254735, -0.1105891, 0.993597, -0.02313176, -0.1272755, 0.008924577, 0.9918274
 59753589, 0.985303, 0.11265, 0.1284049, -0.1104156, 0.9935857, -0.02441196, -0.1303313, 0.009875274, 0.9914213
 59773581, 0.984877, 0.1129018, 0.1314165, -0.110458, 0.9935468, -0.02576317, -0.1334771, 0.01085756, 0.9909924
 59793573, 0.9844226, 0.1133645, 0.1343904, -0.1107282, 0.9934852, -0.02695535, -0.1365706, 0.01165464, 0.9905618
 59813565, 0.9839476, 0.1138741, 0.1374039, -0.1110511, 0.9934183, -0.0280641, -0.1396954, 0.01235474, 0.9901175
 59833557, 0.9834346, 0.1142353, 0.1407371, -0.1112387, 0.9933704, -0.02900438, -0.1431174, 0.0128685, 0.9896221
 59853549, 0.9829525, 0.1144767, 0.143873, -0.1113349, 0.9933382, -0.02972842, -0.1463177, 0.01320354, 0.9891496
 59873541, 0.9824747, 0.1146257, 0.1469838, -0.1113498, 0.9933176, -0.03035272, -0.1494808, 0.01345416, 0.9886732
 59893533, 0.9820096, 0.1147392, 0.1499732, -0.1113635, 0.9933041, -0.03074486, -0.1524967, 0.0134902, 0.988212
 59913525, 0.9815339, 0.1148481, 0.1529744, -0.1113964, 0.9932932, -0.03097584, -0.1555059, 0.01336305, 0.9877446
 59933517, 0.9810206, 0.1150826, 0.1560598, -0.1115591, 0.9932685, -0.03118118, -0.1585977, 0.01317949, 0.9872554
 59953509, 0.9804897, 0.1153589, 0.1591614, -0.1117835, 0.9932406, -0.03126758, -0.1616926, 0.01286592, 0.9867573
 59973501, 0.9799718, 0.1155617, 0.1621757, -0.1119829, 0.9932244, -0.03106866, -0.1646672, 0.0122855, 0.9862728
 59993493, 0.979482, 0.1157124, 0.1650021, -0.112149, 0.9932145, -0.03078342, -0.1674445, 0.01164698, 0.9858128
 60013485, 0.9789839, 0.1158474, 0.1678388, -0.1123163, 0.993207, -0.03041341, -0.170222, 0.0109232, 0.9853452
 60033477, 0.9784695, 0.1158404, 0.1708176, -0.1123526, 0.9932162, -0.02997892, -0.1731316, 0.01014165, 0.9848465
 60054302, 0.9780036, 0.1156647, 0.1735815, -0.1122092, 0.993243, -0.02962376, -0.1758351, 0.009494691, 0.9843739
 60074294, 0.9775572, 0.1154676, 0.1762076, -0.1120644, 0.9932725, -0.02917845, -0.1783913, 0.008777008, 0.9839205
 60094286, 0.9771361, 0.11524, 0.1786753, -0.1118947, 0.9933049, -0.02872339, -0.1807891, 0.008073845, 0.9834887
 60114278, 0.9766968, 0.1151466, 0.1811205, -0.1118438, 0.9933205, -0.02837903, -0.1831785, 0.007460497, 0.9830514
 60134270, 0.9762774, 0.115239, 0.1833096, -0.1119932, 0.9933146, -0.02799725, -0.1853105, 0.006803651, 0.9826565
 60154262, 0.9758716, 0.1153981, 0.1853594, -0.1122035, 0.9933, -0.02766906, -0.1873105, 0.006203469, 0.9822811
 60174254, 0.9754983, 0.1156892, 0.1871342, -0.1125325, 0.993269, -0.02744132, -0.1890493, 0.005710269, 0.9819511
 60194246, 0.9751649, 0.1160361, 0.1886508, -0.1129024, 0.9932306, -0.0273108, -0.1905428, 0.005333401, 0.9816644
 60214238, 0.9748818, 0.1162208, 0.1899951, -0.1130808, 0.9932101, -0.02732301, -0.1918806, 0.005151902, 0.9814047
 60234230, 0.9746239, 0.1162996, 0.1912661, -0.1131519, 0.9932017, -0.02733566, -0.193145, 0.004999857, 0.9811575
 60254222, 0.9743587, 0.1162932, 0.1926159, -0.1131358, 0.9932031, -0.02734969, -0.1944873, 0.004856662, 0.9808931
 60274214, 0.9740998, 0.1161322, 0.1940178, -0.1129302, 0.9932218, -0.02752213, -0.1958989, 0.004898839, 0.9806119
 60294206, 0.9738585, 0.1160554, 0.1952709, -0.1127757, 0.9932296, -0.02786903, -0.1971832, 0.005118675, 0.9803533
 60314198, 0.9736286, 0.1160446, 0.1964209, -0.1126635, 0.993229, -0.02833921, -0.1983795, 0.005462392, 0.98011
 60334190, 0.9733872, 0.1160788, 0.197593, -0.112566, 0.9932222, -0.02895719, -0.199615, 0.005944297, 0.9798564
 60354182, 0.973152, 0.1161579, 0.198702, -0.112509, 0.99321, -0.02959584, -0.2007906, 0.006445481, 0.9796129
 60374174, 0.9729661, 0.1162199, 0.1995747, -0.1124301, 0.9931988, -0.03025856, -0.2017339, 0.007002361, 0.9794153
 60394166, 0.9728116, 0.1162368, 0.2003163, -0.1123137, 0.993193, -0.03087877, -0.202542, 0.007540977, 0.9792446
 60414158, 0.9726747, 0.116158, 0.2010254, -0.1121159, 0.9931985, -0.03141692, -0.2033074, 0.008020303, 0.9790822
 60434150, 0.9725464, 0.1160561, 0.201704, -0.1119105, 0.993207, -0.03187647, -0.2040333, 0.008428548, 0.9789277
 60454142, 0.9723971, 0.116049, 0.2024261, -0.111769, 0.993203, -0.03248768, -0.2048204, 0.008965958, 0.9787585
 60474134, 0.9722248, 0.116173, 0.2031817, -0.1117303, 0.9931824, -0.03324127, -0.2056583, 0.009616422, 0.9785766
 60494126, 0.9720038, 0.1163157, 0.2041552, -0.1117234, 0.9931603, -0.03391836, -0.2067041, 0.01015987, 0.9783507
 60514118, 0.971827, 0.116286, 0.2050122, -0.1115617, 0.9931586, -0.03449432, -0.2076208, 0.010651, 0.9781514
 60534110, 0.9716881, 0.1162145, 0.2057099, -0.1113729, 0.9931621, -0.03500155, -0.208371, 0.01110008, 0.9779869
 60554102, 0.9715261, 0.116225, 0.2064674, -0.1112481, 0.9931551, -0.03559383, -0.2091911, 0.01161122, 0.9778059
 60574094, 0.9713683, 0.1163272, 0.2071511, -0.1112224, 0.9931374, -0.03616215, -0.2099362, 0.01208692, 0.9776404
 60594086, 0.9711915, 0.1164955, 0.2078839, -0.1112877, 0.9931135, -0.0366145, -0.2107178, 0.01242477, 0.977468
 60614078, 0.9710346, 0.1165424, 0.2085898, -0.1112593, 0.9931052, -0.03692508, -0.2114549, 0.01264798, 0.9773059
 60634070, 0.970871, 0.1165699, 0.2093345, -0.1112516, 0.9931017, -0.03704505, -0.2122088, 0.01267716, 0.9771421
 60654062, 0.9707072, 0.1164535, 0.2101575, -0.1111124, 0.9931155, -0.03708739, -0.2130296, 0.01264989, 0.9769638
 60674054, 0.9705532, 0.1163041, 0.2109497, -0.1109449, 0.9931336, -0.03710613, -0.2138169, 0.01260967, 0.9767923
 60694046, 0.9704207, 0.1161114, 0.2116645, -0.110771, 0.9931586, -0.03695719, -0.2145076, 0.01241773, 0.9766434
 60714038, 0.9702798, 0.1159425, 0.2124017, -0.1106126, 0.9931803, -0.03684846, -0.2152255, 0.01225903, 0.9764875
 60734030, 0.9701037, 0.1158562, 0.2132514, -0.1105249, 0.993192, -0.03679609, -0.2160627, 0.01212644, 0.9763042
 60754022, 0.9698998, 0.1158532, 0.2141784, -0.1105494, 0.9931958, -0.03661928, -0.2169636, 0.01183974, 0.976108
 60774014, 0.969746, 0.1157763, 0.2149153, -0.1104903, 0.9932071, -0.0364906, -0.2176801, 0.01164057, 0.9759508
 60794006, 0.9696234, 0.1155575, 0.2155851, -0.110295, 0.9932349, -0.03632528, -0.2183243, 0.01144389, 0.9758092
 60813998, 0.9694941, 0.1153587, 0.216272, -0.110132, 0.993261, -0.036107, -0.2189798, 0.01118706, 0.9756653
 60833990, 0.9693558, 0.1152215, 0.2169638, -0.1100202, 0.9932792, -0.03594339, -0.2196471, 0.01097153, 0.9755177
 60853982, 0.9691946, 0.1151117, 0.2177412, -0.1099331, 0.9932945, -0.03579153, -0.2204011, 0.010752, 0.97535
 60873974, 0.9690189, 0.1150558, 0.2185511, -0.1098715, 0.9933019, -0.03577043, -0.2212028, 0.01064971, 0.9751697
 60893966, 0.9688334, 0.1149206, 0.2194426, -0.1097422, 0.9933193, -0.03568564, -0.2220776, 0.01049133, 0.9749726
 60913958, 0.9686329, 0.1147825, 0.2203984, -0.1096667, 0.9933397, -0.03535055, -0.222988, 0.01007134, 0.9747692
 60933950, 0.9684453, 0.1146868, 0.2212703, -0.1096825, 0.9933568, -0.0348146, -0.2237932, 0.009446556, 0.974591
 60953942, 0.9683067, 0.1146173, 0.2219122, -0.1097206, 0.9933701, -0.03431187, -0.2243737, 0.00887607, 0.9744627
 60973934, 0.968206, 0.1146767, 0.2223207, -0.1098474, 0.9933665, -0.03400957, -0.224746, 0.008506914, 0.9743803
 60993926, 0.9681141, 0.1148831, 0.2226139, -0.1101079, 0.9933453, -0.03378737, -0.225014, 0.008198475, 0.974321
 61013918, 0.9680278, 0.1150251, 0.2229155, -0.110293, 0.9933308, -0.03360564, -0.2252944, 0.007945171, 0.9742584
 61033910, 0.9679472, 0.1150279, 0.2232641, -0.1103567, 0.993333, -0.03333101, -0.2256096, 0.007623979, 0.974188
 61053902, 0.9678782, 0.1149062, 0.2236258, -0.1102991, 0.9933496, -0.03302807, -0.2259337, 0.007301416, 0.9741153
 61073894, 0.9678175, 0.1147221, 0.2239829, -0.1102178, 0.9933742, -0.03255283, -0.2262333, 0.006818302, 0.9740493
 61093886, 0.9677749, 0.1146749, 0.2241911, -0.1102704, 0.9933828, -0.03211151, -0.2263899, 0.00635507, 0.974016
 61113878, 0.9677293, 0.1146599, 0.2243952, -0.1103494, 0.9933873, -0.03170003, -0.226546, 0.005915183, 0.9739825
 61133870, 0.9676823, 0.1145905, 0.2246329, -0.1103368, 0.9933968, -0.03144179, -0.2267526, 0.005640369, 0.9739361
 61153862, 0.9677064, 0.1144841, 0.2245834, -0.1102826, 0.9934103, -0.0312067, -0.2266761, 0.005431281, 0.9739551
 61173854, 0.9677814, 0.114277, 0.2243656, -0.1101115, 0.9934346, -0.03103329, -0.2264389, 0.005328204, 0.9740108
 61193846, 0.9678676, 0.1141293, 0.2240692, -0.1099981, 0.9934522, -0.03087618, -0.2261259, 0.00523686, 0.974084
 61213838, 0.9679601, 0.1140535, 0.2237077, -0.1099565, 0.9934614, -0.03072871, -0.2257496, 0.005146053, 0.9741718
 61233830, 0.9680272, 0.1139721, 0.2234584, -0.1098664, 0.9934702, -0.03076277, -0.2255053, 0.005228633, 0.9742279
 61253822, 0.9681067, 0.1138561, 0.2231732, -0.1097509, 0.9934832, -0.03075405, -0.2252204, 0.005279727, 0.9742936
 61273814, 0.9682074, 0.1137384, 0.2227959, -0.1096688, 0.9934972, -0.03059581, -0.224827, 0.005189327, 0.9743848
 61293806, 0.9683115, 0.1135694, 0.2224293, -0.1095208, 0.9935167, -0.03049446, -0.2244504, 0.005167514, 0.9744719
 61313798, 0.9683857, 0.1134596, 0.2221625, -0.1094504, 0.9935299, -0.03031696, -0.2241648, 0.005042721, 0.9745381
 61333790, 0.9683968, 0.1135354, 0.2220754, -0.1095581, 0.9935219, -0.03018874, -0.2240643, 0.004904516, 0.9745621
 61353782, 0.9683651, 0.1136852, 0.2221368, -0.1097438, 0.9935057, -0.03004813, -0.2241101, 0.004719434, 0.9745524
 61373774, 0.968331, 0.1138816, 0.2221848, -0.1099664, 0.9934838, -0.0299555, -0.2241484, 0.004573972, 0.9745443
 61393766, 0.9683039, 0.1139898, 0.2222474, -0.110089, 0.9934718, -0.02990416, -0.2242053, 0.004489328, 0.9745317
 61413758, 0.9682733, 0.1141061, 0.2223208, -0.1101695, 0.9934579, -0.03007078, -0.2242976, 0.00462376, 0.9745098
 61433750, 0.968219, 0.114293, 0.2224616, -0.1102887, 0.9934351, -0.03038314, -0.2244737, 0.004882525, 0.9744679
 61453742, 0.9681181, 0.1142446, 0.2229248, -0.110173, 0.9934395, -0.03065882, -0.2249649, 0.005121065, 0.9743534
 61473734, 0.9680198, 0.1139528, 0.2235004, -0.1098368, 0.9934722, -0.03080418, -0.2255517, 0.005270483, 0.974217
 61493726, 0.9678923, 0.1135722, 0.2242451, -0.1094268, 0.9935154, -0.03086997, -0.2262969, 0.005340388, 0.9740438
 61513718, 0.9677876, 0.1132788, 0.2248445, -0.1091542, 0.9935497, -0.03073258, -0.2268755, 0.005199891, 0.9739099
 61533710, 0.9676653, 0.1132176, 0.2254011, -0.1091419, 0.993558, -0.03050335, -0.2274026, 0.004916329, 0.9737884
 61553702, 0.9675882, 0.1130792, 0.2258013, -0.1090389, 0.9935748, -0.03032672, -0.2277798, 0.004722643, 0.9737013
 61573694, 0.9675267, 0.1129254, 0.2261414, -0.1088852, 0.9935924, -0.03030193, -0.2281142, 0.004694482, 0.9736231
 61593686, 0.9675025, 0.1128353, 0.2262901, -0.1087761, 0.9936022, -0.03036936, -0.2282691, 0.004767478, 0.9735864
 61613678, 0.9674797, 0.112754, 0.2264277, -0.1086761, 0.9936112, -0.03043669, -0.228413, 0.004839599, 0.9735523
 61633670, 0.9674383, 0.1127787, 0.2265927, -0.1086883, 0.9936083, -0.03048902, -0.2285828, 0.004868267, 0.9735123
 61653662, 0.9673099, 0.1129489, 0.2270553, -0.1088669, 0.9935895, -0.0304631, -0.2290406, 0.004748434, 0.9734054
 61673654, 0.967143, 0.1132983, 0.2275919, -0.1092338, 0.9935505, -0.03041776, -0.2295703, 0.004557581, 0.9732814
 61693646, 0.9670331, 0.1135858, 0.2279151, -0.1095385, 0.9935185, -0.03037207, -0.2298876, 0.004405321, 0.9732072
 61713638, 0.9669781, 0.1136684, 0.2281071, -0.109594, 0.9935087, -0.0304926, -0.2300924, 0.004486501, 0.9731585
 61733630, 0.9669164, 0.1137135, 0.2283463, -0.1096193, 0.9935032, -0.03057663, -0.2303398, 0.004533885, 0.9730998
 61753622, 0.9669069, 0.1135838, 0.2284507, -0.1095086, 0.9935185, -0.0304789, -0.2304319, 0.004452928, 0.9730783
 61773614, 0.9669181, 0.1133724, 0.2285086, -0.1093653, 0.9935438, -0.03016603, -0.2304533, 0.004177164, 0.9730744
 61793606, 0.9669508, 0.1133824, 0.2283653, -0.109428, 0.9935436, -0.02994699, -0.2302863, 0.003967693, 0.9731148
 61813598, 0.9670113, 0.113335, 0.2281322, -0.1094222, 0.9935495, -0.02976955, -0.2300346, 0.003824753, 0.9731749
 61833590, 0.9671052, 0.1131797, 0.2278114, -0.1092932, 0.9935673, -0.02964583, -0.2297013, 0.003772396, 0.9732538
 61853582, 0.967198, 0.1130406, 0.2274858, -0.1091746, 0.9935833, -0.02954828, -0.2293663, 0.003743378, 0.9733331
 61873574, 0.9673064, 0.1128559, 0.2271166, -0.1089734, 0.9936038, -0.02960327, -0.2290048, 0.003885766, 0.9734176
 61893566, 0.9674206, 0.112659, 0.2267274, -0.1087289, 0.993625, -0.02979003, -0.2286381, 0.004167672, 0.9735026
 61913558, 0.9675254, 0.1124671, 0.226375, -0.1084821, 0.9936454, -0.03000871, -0.2283115, 0.004476556, 0.9735778
 61933550, 0.9676427, 0.1123337, 0.2259399, -0.1083303, 0.9936598, -0.03008082, -0.2278864, 0.004631347, 0.9736767
 61953542, 0.9677225, 0.112243, 0.2256426, -0.1082499, 0.99367, -0.03003258, -0.2275852, 0.004637418, 0.9737472
 61973534, 0.9677609, 0.11225, 0.2254748, -0.1083111, 0.9936702, -0.02980472, -0.2273932, 0.004422407, 0.973793
 61993526, 0.9677862, 0.1123308, 0.225326, -0.1084306, 0.9936618, -0.02965123, -0.2272285, 0.004263818, 0.9738321
 62013518, 0.9678225, 0.1123758, 0.2251475, -0.108493, 0.9936569, -0.02958546, -0.227044, 0.004206549, 0.9738754
 62033510, 0.9678563, 0.1122842, 0.2250476, -0.1084267, 0.9936677, -0.02946804, -0.2269313, 0.004119653, 0.973902
 62053502, 0.9679, 0.1121559, 0.224924, -0.1083329, 0.9936826, -0.02930727, -0.2267901, 0.003999821, 0.9739355
 62073494, 0.9679308, 0.1119333, 0.2249024, -0.10813, 0.9937079, -0.02919771, -0.2267555, 0.003942661, 0.9739438
 62093486, 0.9679559, 0.111829, 0.2248456, -0.1080451, 0.9937199, -0.02910333, -0.2266882, 0.003877267, 0.9739597
 62113478, 0.9679659, 0.1117998, 0.2248173, -0.1080418, 0.9937236, -0.02898958, -0.2266473, 0.003771257, 0.9739696
 62134303, 0.9679599, 0.1118302, 0.2248279, -0.1080933, 0.9937206, -0.02890189, -0.2266482, 0.003673488, 0.9739698
 62154295, 0.967964, 0.1117879, 0.2248314, -0.1080871, 0.9937259, -0.02874203, -0.2266338, 0.003519867, 0.9739737
 62174287, 0.967921, 0.1119914, 0.2249156, -0.1083153, 0.9937035, -0.02865781, -0.2267088, 0.003376687, 0.9739568
 62194279, 0.9678612, 0.1122129, 0.2250623, -0.1085506, 0.9936789, -0.02862146, -0.2268513, 0.003270948, 0.9739239
 62214271, 0.9677549, 0.1126261, 0.225313, -0.1089378, 0.993632, -0.0287766, -0.2271192, 0.003303589, 0.9738615
 62234263, 0.9676589, 0.1130765, 0.2254994, -0.1093746, 0.9935809, -0.02888427, -0.227318, 0.003286229, 0.9738151
 62254255, 0.9675968, 0.1134037, 0.2256017, -0.1096931, 0.9935436, -0.02895736, -0.2274289, 0.003272089, 0.9737892
 62274247, 0.9675488, 0.1136901, 0.2256631, -0.1099736, 0.993511, -0.02901485, -0.2274974, 0.003256317, 0.9737733
 62294239, 0.9675846, 0.1136832, 0.2255131, -0.1099789, 0.9935119, -0.02896393, -0.2273426, 0.003223369, 0.9738095
 62314231, 0.9676508, 0.1136146, 0.2252636, -0.109954, 0.9935202, -0.02877226, -0.2270729, 0.003072873, 0.973873
 62334223, 0.9677252, 0.113587, 0.2249579, -0.1099804, 0.9935238, -0.02854142, -0.2267429, 0.002879301, 0.9739504
 62354215, 0.9677925, 0.1136006, 0.2246611, -0.1100662, 0.9935231, -0.0282362, -0.2264137, 0.002599191, 0.9740278
 62374207, 0.9678575, 0.11363, 0.2243657, -0.1101813, 0.9935206, -0.02787388, -0.2260792, 0.002257041, 0.9741064
 62394199, 0.9679235, 0.1134174, 0.2241891, -0.1100083, 0.9935452, -0.02768081, -0.2258815, 0.002130246, 0.9741525
 62414191, 0.9679667, 0.1132195, 0.2241024, -0.1098254, 0.9935678, -0.02759435, -0.2257851, 0.002098288, 0.9741749
 62434183, 0.9679813, 0.1129503, 0.224175, -0.1095616, 0.9935984, -0.0275393, -0.2258505, 0.002096554, 0.9741597
 62454175, 0.9680262, 0.1126638, 0.2241255, -0.109267, 0.9936308, -0.02754241, -0.225801, 0.002172261, 0.974171
 62474167, 0.9680653, 0.1123509, 0.2241133, -0.108912, 0.9936657, -0.02768856, -0.2258046, 0.002395717, 0.9741697
 62494159, 0.9680912, 0.1123064, 0.2240241, -0.1088428, 0.9936705, -0.02779076, -0.2257272, 0.002520589, 0.9741873
 62514151, 0.9681001, 0.1124591, 0.2239087, -0.1089364, 0.9936525, -0.02806447, -0.2256436, 0.002777399, 0.974206
 62534143, 0.9681137, 0.1124567, 0.2238513, -0.1087932, 0.9936509, -0.02867317, -0.2256545, 0.003405397, 0.9742015
 62554135, 0.9681112, 0.112568, 0.2238058, -0.1087802, 0.9936362, -0.02922322, -0.2256711, 0.003945698, 0.9741955
 62574127, 0.9680899, 0.11265, 0.2238573, -0.1087985, 0.9936259, -0.02950643, -0.2257544, 0.004209541, 0.9741753
 62594119, 0.9680413, 0.1127379, 0.2240227, -0.1088244, 0.9936148, -0.02978061, -0.2259497, 0.004449713, 0.9741288
 62614111, 0.9679885, 0.1128497, 0.2241946, -0.1088942, 0.9936014, -0.02997101, -0.2261423, 0.004598107, 0.9740834
 62634103, 0.9678966, 0.1128867, 0.2245727, -0.1088744, 0.9935964, -0.0302116, -0.2265451, 0.004791485, 0.9739889
 62654095, 0.9677867, 0.1129375, 0.2250201, -0.1088951, 0.9935903, -0.03033672, -0.2270039, 0.004855896, 0.9738817
 62674087, 0.9676545, 0.1131756, 0.2254686, -0.1091116, 0.9935631, -0.03044652, -0.2274631, 0.004860477, 0.9737746
 62694079, 0.9675319, 0.113565, 0.2257986, -0.1094653, 0.9935184, -0.03063713, -0.2278143, 0.004925302, 0.9736921
 62714071, 0.9674543, 0.1138325, 0.2259961, -0.1097163, 0.9934877, -0.03073336, -0.2280228, 0.004937667, 0.9736433
 62734063, 0.9674364, 0.1139139, 0.2260324, -0.1097918, 0.9934784, -0.03076752, -0.2280631, 0.004949118, 0.9736338
 62754055, 0.9674395, 0.1139161, 0.2260175, -0.1098273, 0.9934788, -0.03062584, -0.2280324, 0.004805756, 0.9736418
 62774047, 0.9674292, 0.1139115, 0.2260646, -0.1098856, 0.9934806, -0.0303553, -0.2280486, 0.004525362, 0.9736393
