TimeUS,m00,m01,m02,m10,m11,m12,m20,m21,m22
 54693947, 0.9919885, 0.1263193, 0.00151951, -0.1263159, 0.9919877, -0.002173303, -0.001781865, 0.001963953, 0.9999965
 54713939, 0.9919884, 0.1263203, 0.001520118, -0.1263168, 0.9919876, -0.00217302, -0.001782435, 0.001963594, 0.9999965
 54733931, 0.9919882, 0.126321, 0.001521234, -0.1263176, 0.9919875, -0.002172798, -0.001783515, 0.001963232, 0.9999965
 54753923, 0.9919881, 0.1263226, 0.001521951, -0.1263191, 0.9919873, -0.002172628, -0.001784208, 0.001962969, 0.9999965
 54773915, 0.9919879, 0.1263238, 0.001522767, -0.1263204, 0.9919872, -0.002172159, -0.001784961, 0.001962399, 0.9999965
 54793907, 0.9919878, 0.1263256, 0.00152312, -0.1263222, 0.991987, -0.002171499, -0.001785231, 0.001961697, 0.9999965
 54813899, 0.9919876, 0.1263268, 0.001523519, -0.1263234, 0.9919868, -0.002171085, -0.001785577, 0.001961233, 0.9999965
 54833891, 0.9919875, 0.1263277, 0.001524516, -0.1263242, 0.9919867, -0.002171216, -0.001786584, 0.001961235, 0.9999965
 54853883, 0.9919872, 0.1263293, 0.001522836, -0.1263259, 0.9919865, -0.002171987, -0.001785018, 0.001962209, 0.9999965
 54873875, 0.991987, 0.1263306, 0.001520903, -0.1263271, 0.9919863, -0.002173033, -0.001783235, 0.001963489, 0.9999965
 54893867, 0.9919869, 0.1263323, 0.001518799, -0.1263288, 0.9919862, -0.002173506, -0.001781211, 0.001964221, 0.9999965
 54913859, 0.9919868, 0.1263335, 0.001517226, -0.12633, 0.9919859, -0.002174347, -0.00177976, 0.001965252, 0.9999965
 54933851, 0.9919867, 0.126334, 0.001515514, -0.1263306, 0.9919859, -0.002175402, -0.001778196, 0.001966514, 0.9999965
 54953843, 0.9919865, 0.1263354, 0.001513613, -0.1263319, 0.9919856, -0.002176299, -0.001776425, 0.001967641, 0.9999965
 54973835, 0.9919863, 0.1263365, 0.001511793, -0.1263331, 0.9919856, -0.002176908, -0.001774699, 0.001968473, 0.9999965
 54993827, 0.9919862, 0.1263378, 0.001509634, -0.1263343, 0.9919854, -0.002177185, -0.001772596, 0.001969018, 0.9999965
 55013819, 0.9919861, 0.1263389, 0.00150771, -0.1263355, 0.9919851, -0.002177812, -0.001770768, 0.001969882, 0.9999965
 55033811, 0.9919859, 0.1263396, 0.001505844, -0.1263362, 0.9919851, -0.002178986, -0.001769067, 0.001971281, 0.9999965
 55053803, 0.9919858, 0.1263406, 0.001508186, -0.1263372, 0.991985, -0.002176945, -0.001771134, 0.001968959, 0.9999965
 55073795, 0.9919856, 0.1263418, 0.001510387, -0.1263384, 0.9919848, -0.002175073, -0.001773083, 0.001966821, 0.9999965
 55093787, 0.9919854, 0.1263431, 0.001512336, -0.1263397, 0.9919847, -0.002172793, -0.001774731, 0.001964311, 0.9999965
 55113779, 0.9919853, 0.126344, 0.001514694, -0.1263406, 0.9919845, -0.002170729, -0.001776812, 0.001961964, 0.9999965
 55133771, 0.9919854, 0.1263442, 0.0015172, -0.1263409, 0.9919846, -0.002169061, -0.001779087, 0.001959992, 0.9999965
 55153763, 0.9919853, 0.1263444, 0.001519305, -0.126341, 0.9919845, -0.002167095, -0.001780928, 0.001957776, 0.9999965
 55173755, 0.9919853, 0.1263444, 0.001521481, -0.126341, 0.9919845, -0.002165059, -0.001782829, 0.001955481, 0.9999966
 55193747, 0.9919852, 0.1263449, 0.001523526, -0.1263415, 0.9919845, -0.002162729, -0.001784564, 0.00195291, 0.9999966
 55213739, 0.9919852, 0.1263449, 0.001525871, -0.1263415, 0.9919845, -0.002160915, -0.001786661, 0.001950815, 0.9999965
 55233731, 0.9919853, 0.1263447, 0.001528531, -0.1263412, 0.9919845, -0.002159256, -0.00178909, 0.001948833, 0.9999965
 55253723, 0.9919854, 0.1263438, 0.001547481, -0.1263403, 0.9919846, -0.002161642, -0.001808187, 0.001948808, 0.9999965
 55273715, 0.9919854, 0.1263429, 0.001566235, -0.1263394, 0.9919847, -0.002164001, -0.001827087, 0.00194878, 0.9999965
 55293707, 0.9919855, 0.1263423, 0.001584752, -0.1263388, 0.9919848, -0.002165913, -0.001845696, 0.001948339, 0.9999964
 55313699, 0.9919856, 0.1263414, 0.001603553, -0.1263378, 0.9919849, -0.002168107, -0.001864622, 0.001948141, 0.9999964
 55333691, 0.9919857, 0.1263399, 0.00162259, -0.1263363, 0.9919851, -0.002170642, -0.001883823, 0.001948254, 0.9999964
 55353683, 0.9919859, 0.1263381, 0.001641459, -0.1263344, 0.9919853, -0.002172796, -0.00190281, 0.00194801, 0.9999964
 55373675, 0.9919862, 0.1263361, 0.001660232, -0.1263324, 0.9919857, -0.002174895, -0.001921694, 0.001947725, 0.9999963
 55393667, 0.9919864, 0.1263342, 0.00167854, -0.1263304, 0.9919859, -0.002176605, -0.001940067, 0.001947112, 0.9999962
 55413659, 0.9919866, 0.1263324, 0.00169751, -0.1263286, 0.991986, -0.002178934, -0.001959176, 0.001947029, 0.9999962
 55433651, 0.9919868, 0.1263307, 0.001716633, -0.1263268, 0.9919863, -0.002181691, -0.001978491, 0.001947352, 0.9999962
 55453643, 0.9919868, 0.1263289, 0.001804314, -0.1263249, 0.9919865, -0.002196398, -0.002067324, 0.001950868, 0.999996
 55473635, 0.9919869, 0.1263272, 0.001891926, -0.126323, 0.9919868, -0.002210907, -0.002156063, 0.001954197, 0.9999958
 55493627, 0.991987, 0.1263252, 0.001979097, -0.1263207, 0.991987, -0.002225132, -0.002244328, 0.001957301, 0.9999956
 55513619, 0.9919872, 0.1263225, 0.002066686, -0.1263178, 0.9919873, -0.002239709, -0.002333052, 0.001960703, 0.9999954
 55533611, 0.9919874, 0.1263191, 0.002154643, -0.1263143, 0.9919878, -0.002254886, -0.002422215, 0.001964656, 0.9999952
 55553603, 0.9919875, 0.1263167, 0.002242312, -0.1263116, 0.9919881, -0.002269647, -0.002511041, 0.001968232, 0.9999949
 55573595, 0.9919875, 0.1263143, 0.002329738, -0.1263091, 0.9919884, -0.002284289, -0.002599612, 0.001971719, 0.9999948
 55593587, 0.9919876, 0.1263123, 0.002417154, -0.1263068, 0.9919886, -0.002298749, -0.00268815, 0.001975027, 0.9999945
 55613579, 0.9919878, 0.1263087, 0.002504955, -0.1263031, 0.991989, -0.002313538, -0.002777108, 0.001978618, 0.9999942
 55633571, 0.9919879, 0.1263061, 0.002592955, -0.1263001, 0.9919894, -0.002328718, -0.002866315, 0.00198257, 0.999994
 55653563, 0.9919881, 0.1263037, 0.002642632, -0.1262977, 0.9919897, -0.002342833, -0.002917373, 0.001990305, 0.9999939
 55673555, 0.9919883, 0.1263015, 0.002692325, -0.1262953, 0.9919899, -0.002356985, -0.00296845, 0.001998074, 0.9999937
 55693547, 0.9919885, 0.1262991, 0.002741705, -0.1262928, 0.9919902, -0.002370706, -0.003019162, 0.002005455, 0.9999934
 55713539, 0.9919885, 0.1262974, 0.002791582, -0.1262909, 0.9919905, -0.002384936, -0.003070434, 0.002013278, 0.9999933
 55733531, 0.9919885, 0.1262965, 0.002841527, -0.1262899, 0.9919905, -0.0023995, -0.003121816, 0.002021421, 0.9999931
 55753523, 0.9919884, 0.1262967, 0.002891066, -0.1262899, 0.9919904, -0.002413667, -0.003172748, 0.002029217, 0.9999929
 55773515, 0.9919881, 0.126298, 0.002940844, -0.1262911, 0.9919903, -0.002428029, -0.003223943, 0.002037174, 0.9999927
 55793507, 0.9919877, 0.1262994, 0.002990195, -0.1262923, 0.9919901, -0.002441923, -0.003274657, 0.002044718, 0.9999926
 55813499, 0.9919873, 0.1263013, 0.0030402, -0.1262941, 0.9919899, -0.002456682, -0.003326129, 0.002053038, 0.9999924
 55833491, 0.9919871, 0.1263015, 0.003089812, -0.1262941, 0.9919898, -0.002470772, -0.003377124, 0.002060749, 0.9999923
 55853483, 0.9919872, 0.1263002, 0.00312763, -0.1262927, 0.9919899, -0.002486218, -0.003416588, 0.002071299, 0.9999921
 55873475, 0.9919873, 0.1262985, 0.003165744, -0.1262908, 0.9919902, -0.002501827, -0.003456364, 0.002081975, 0.9999919
 55894300, 0.9919873, 0.1262972, 0.003204996, -0.1262894, 0.9919903, -0.002517642, -0.003497295, 0.002092712, 0.9999918
 55914292, 0.9919873, 0.126296, 0.003242712, -0.1262881, 0.9919904, -0.002532803, -0.003536622, 0.002102993, 0.9999916
 55934284, 0.9919874, 0.1262942, 0.003280665, -0.1262862, 0.9919906, -0.002548228, -0.003576215, 0.002113508, 0.9999914
 55954276, 0.9919877, 0.1262917, 0.003319402, -0.1262835, 0.9919909, -0.00256444, -0.003616684, 0.002124707, 0.9999912
 55974268, 0.9919875, 0.1262912, 0.003359351, -0.1262829, 0.991991, -0.002580319, -0.003658317, 0.002135415, 0.999991
 55994260, 0.9919874, 0.1262911, 0.003400369, -0.1262826, 0.991991, -0.002596095, -0.003700999, 0.002145886, 0.9999909
 56014252, 0.9919875, 0.1262902, 0.003442936, -0.1262816, 0.991991, -0.002611832, -0.003745209, 0.002156125, 0.9999906
 56034244, 0.9919875, 0.1262888, 0.003487685, -0.12628, 0.9919912, -0.002628107, -0.003791653, 0.002166624, 0.9999905
 56054236, 0.9919876, 0.1262862, 0.003548766, -0.1262772, 0.9919915, -0.002647809, -0.003854726, 0.002178465, 0.9999902
 56074228, 0.9919875, 0.126284, 0.003612848, -0.1262748, 0.9919918, -0.00266773, -0.003920807, 0.002190143, 0.9999899
 56094220, 0.9919875, 0.1262833, 0.003677971, -0.1262739, 0.9919918, -0.002687807, -0.003987942, 0.002201839, 0.9999897
 56114212, 0.9919872, 0.1262834, 0.003742236, -0.1262737, 0.9919918, -0.002707476, -0.004054176, 0.002213235, 0.9999893
 56134204, 0.9919869, 0.126283, 0.003808411, -0.1262732, 0.9919918, -0.002727886, -0.004122398, 0.002225128, 0.999989
 56154196, 0.9919868, 0.1262829, 0.003874881, -0.1262728, 0.9919918, -0.002748301, -0.004190913, 0.002236987, 0.9999887
 56174188, 0.9919866, 0.1262826, 0.003940959, -0.1262722, 0.9919918, -0.00276852, -0.004259014, 0.002248701, 0.9999884
 56194180, 0.9919863, 0.126282, 0.004008422, -0.1262714, 0.9919918, -0.002788938, -0.004328514, 0.00226044, 0.9999881
 56214172, 0.9919859, 0.1262826, 0.004074128, -0.1262718, 0.9919917, -0.002808751, -0.004396198, 0.002271794, 0.9999878
 56234164, 0.9919856, 0.1262827, 0.004142306, -0.1262717, 0.9919918, -0.00282924, -0.004466418, 0.002283509, 0.9999875
 56254156, 0.9919855, 0.1262833, 0.004179613, -0.1262721, 0.9919916, -0.002845495, -0.004505479, 0.002294921, 0.9999873
 56274148, 0.991985, 0.1262858, 0.004215579, -0.1262744, 0.9919913, -0.002861029, -0.004543125, 0.002305778, 0.9999871
 56294140, 0.9919846, 0.1262879, 0.004251836, -0.1262764, 0.991991, -0.002876542, -0.004581056, 0.002316579, 0.9999868
 56314132, 0.9919843, 0.1262889, 0.004288335, -0.1262772, 0.9919909, -0.00289194, -0.004619209, 0.00232724, 0.9999866
 56334124, 0.9919841, 0.1262893, 0.004326209, -0.1262774, 0.9919907, -0.002907699, -0.004658771, 0.002338089, 0.9999864
 56354116, 0.991984, 0.1262886, 0.004365214, -0.1262766, 0.9919909, -0.002924032, -0.004699523, 0.002349368, 0.9999862
 56374108, 0.9919838, 0.1262892, 0.004404632, -0.126277, 0.9919907, -0.002939975, -0.004740641, 0.002360203, 0.999986
 56394100, 0.9919834, 0.1262897, 0.004446597, -0.1262774, 0.9919906, -0.0029563, -0.004784334, 0.002371095, 0.9999858
 56414092, 0.9919831, 0.1262912, 0.00448927, -0.1262787, 0.9919904, -0.002972486, -0.004828711, 0.002381757, 0.9999855
 56434084, 0.9919828, 0.1262918, 0.004530442, -0.1262791, 0.9919903, -0.002988938, -0.004871633, 0.002392875, 0.9999853
 56454076, 0.9919829, 0.1262908, 0.004532162, -0.1262781, 0.9919904, -0.003004974, -0.004875361, 0.00240857, 0.9999852
 56474068, 0.991983, 0.1262902, 0.004531919, -0.1262774, 0.9919904, -0.003020443, -0.004877072, 0.002423949, 0.9999852
 56494060, 0.9919828, 0.1262922, 0.004530497, -0.1262793, 0.9919901, -0.003035669, -0.00487759, 0.002439223, 0.9999852
 56514052, 0.9919825, 0.1262945, 0.004528171, -0.1262815, 0.9919898, -0.003050452, -0.004877155, 0.00245417, 0.9999851
 56534044, 0.9919823, 0.1262959, 0.004527487, -0.1262828, 0.9919896, -0.003065858, -0.004878426, 0.002469533, 0.9999851
 56554036, 0.9919819, 0.1262988, 0.00452618, -0.1262856, 0.9919891, -0.00308174, -0.004879141, 0.002485438, 0.999985
 56574028, 0.9919814, 0.1263026, 0.004523202, -0.1262894, 0.9919886, -0.003097032, -0.004878128, 0.002500966, 0.999985
 56594020, 0.9919814, 0.1263034, 0.004521643, -0.1262901, 0.9919885, -0.003112405, -0.004878526, 0.002516409, 0.999985
 56614012, 0.9919811, 0.1263054, 0.004519199, -0.126292, 0.9919882, -0.00312734, -0.004877992, 0.002531523, 0.9999849
 56634004, 0.9919812, 0.1263046, 0.004515244, -0.1262912, 0.9919882, -0.00314257, -0.00487599, 0.002547135, 0.9999849
 56653996, 0.9919816, 0.1263027, 0.004493341, -0.1262893, 0.9919885, -0.003151897, -0.004855435, 0.002559163, 0.999985
 56673988, 0.9919821, 0.1262992, 0.004472113, -0.1262858, 0.9919889, -0.003161188, -0.004835542, 0.002571077, 0.999985
 56693980, 0.9919826, 0.1262967, 0.00445062, -0.1262834, 0.9919892, -0.003170313, -0.004815366, 0.002582856, 0.999985
 56713972, 0.9919829, 0.1262944, 0.004428446, -0.126281, 0.9919894, -0.003179074, -0.004794471, 0.002594358, 0.9999852
 56733964, 0.9919834, 0.1262913, 0.0044074, -0.1262779, 0.9919898, -0.00318828, -0.004774748, 0.002606164, 0.9999852
 56753956, 0.9919839, 0.1262884, 0.004385657, -0.1262751, 0.9919901, -0.003197801, -0.004754374, 0.002618368, 0.9999853
 56773948, 0.991984, 0.1262889, 0.00436447, -0.1262756, 0.99199, -0.003206945, -0.004734512, 0.002630112, 0.9999854
 56793940, 0.9919839, 0.12629, 0.004344823, -0.1262767, 0.9919899, -0.003216153, -0.004716188, 0.002641722, 0.9999854
 56813932, 0.991984, 0.1262898, 0.004325096, -0.1262765, 0.9919899, -0.003225328, -0.004697777, 0.002653316, 0.9999855
 56833924, 0.9919841, 0.1262895, 0.004306258, -0.1262762, 0.9919899, -0.003234837, -0.00468029, 0.002665129, 0.9999855
 56853916, 0.9919842, 0.1262895, 0.004276618, -0.1262762, 0.9919899, -0.003238983, -0.004651411, 0.002672985, 0.9999856
 56873908, 0.9919845, 0.1262886, 0.004246638, -0.1262754, 0.99199, -0.003242483, -0.004622111, 0.002680246, 0.9999857
 56893900, 0.9919847, 0.1262883, 0.004219252, -0.1262752, 0.99199, -0.003246319, -0.004595427, 0.002687511, 0.9999858
 56913892, 0.9919847, 0.1262885, 0.00419279, -0.1262754, 0.9919899, -0.003249888, -0.004569629, 0.002694393, 0.999986
 56933884, 0.9919851, 0.1262863, 0.00416804, -0.1262733, 0.9919901, -0.003254544, -0.004545659, 0.002702147, 0.999986
 56953876, 0.9919855, 0.126284, 0.004143826, -0.126271, 0.9919904, -0.003258938, -0.004522188, 0.002709574, 0.9999862
 56973868, 0.991986, 0.1262811, 0.00412018, -0.1262681, 0.9919908, -0.00326321, -0.004499262, 0.002716811, 0.9999862
 56993860, 0.9919865, 0.1262778, 0.004096184, -0.126265, 0.9919912, -0.003267719, -0.004476019, 0.002724329, 0.9999863
 57013852, 0.9919869, 0.1262755, 0.004071155, -0.1262627, 0.9919915, -0.003271562, -0.004451668, 0.002731311, 0.9999864
 57033844, 0.9919871, 0.1262741, 0.004047484, -0.1262613, 0.9919916, -0.00327629, -0.004428781, 0.002738997, 0.9999864
 57053836, 0.9919873, 0.1262742, 0.0040287, -0.1262614, 0.9919916, -0.003285361, -0.004411292, 0.002750367, 0.9999865
 57073828, 0.9919873, 0.1262743, 0.004010017, -0.1262615, 0.9919916, -0.003294551, -0.004393919, 0.002761842, 0.9999866
 57093820, 0.9919873, 0.1262747, 0.003993822, -0.1262619, 0.9919915, -0.003303809, -0.004379025, 0.002773069, 0.9999866
 57113812, 0.9919875, 0.126274, 0.003980406, -0.1262612, 0.9919916, -0.003313519, -0.004366939, 0.002784398, 0.9999866
 57133804, 0.9919875, 0.126274, 0.003967685, -0.1262612, 0.9919915, -0.003324017, -0.004355646, 0.002796418, 0.9999866
 57153796, 0.9919875, 0.1262746, 0.003955393, -0.1262618, 0.9919914, -0.003334073, -0.004344724, 0.002807944, 0.9999866
 57173788, 0.9919875, 0.1262741, 0.003943937, -0.1262613, 0.9919914, -0.003344292, -0.004334649, 0.00281953, 0.9999866
 57193780, 0.9919878, 0.1262733, 0.003933788, -0.1262605, 0.9919915, -0.003354157, -0.004325824, 0.0028306, 0.9999866
 57213772, 0.9919881, 0.1262707, 0.003924405, -0.1262579, 0.9919918, -0.003364407, -0.004317804, 0.002841965, 0.9999867
 57233764, 0.9919884, 0.126269, 0.003917321, -0.1262561, 0.9919919, -0.003375269, -0.004312143, 0.002853642, 0.9999866
 57253756, 0.9919882, 0.1262701, 0.003924619, -0.1262572, 0.9919919, -0.003382054, -0.004320242, 0.002859446, 0.9999866
 57273748, 0.991988, 0.1262714, 0.003932859, -0.1262584, 0.9919916, -0.003389277, -0.004329332, 0.002865566, 0.9999865
 57293740, 0.9919876, 0.1262746, 0.003941927, -0.1262615, 0.9919913, -0.00339605, -0.004339191, 0.002871125, 0.9999865
 57313732, 0.9919872, 0.1262775, 0.003953218, -0.1262644, 0.9919908, -0.003403487, -0.004351339, 0.002877064, 0.9999864
 57333724, 0.991987, 0.126278, 0.003966162, -0.1262648, 0.9919907, -0.003411523, -0.004365196, 0.002883399, 0.9999864
 57353716, 0.9919871, 0.126277, 0.003977537, -0.1262638, 0.9919909, -0.003419035, -0.004377426, 0.002889419, 0.9999863
 57373708, 0.9919871, 0.1262765, 0.00398993, -0.1262632, 0.9919909, -0.003426685, -0.004390683, 0.002895445, 0.9999862
 57393700, 0.991987, 0.1262766, 0.004001385, -0.1262632, 0.9919909, -0.003433717, -0.004402935, 0.002900975, 0.9999861
 57413692, 0.9919873, 0.1262745, 0.004013393, -0.1262611, 0.9919912, -0.003441392, -0.00441581, 0.002907082, 0.9999861
 57433684, 0.9919873, 0.1262734, 0.004027252, -0.1262599, 0.9919912, -0.00344968, -0.004430601, 0.002913558, 0.999986
 57453676, 0.9919862, 0.1262736, 0.004309365, -0.1262593, 0.9919913, -0.003446671, -0.004710076, 0.002874952, 0.9999848
 57473668, 0.9919953, 0.1261448, 0.005727262, -0.1261266, 0.9920083, -0.003435116, -0.006114813, 0.002685259, 0.9999777
 57493660, 0.9920185, 0.1258371, 0.008018925, -0.1258128, 0.9920479, -0.003470811, -0.008391915, 0.002434226, 0.9999619
 57513652, 0.9920407, 0.1254347, 0.01102626, -0.1254009, 0.9920992, -0.003703374, -0.01140368, 0.002291194, 0.9999324
 57533644, 0.9920204, 0.1251872, 0.01495284, -0.1251408, 0.9921309, -0.004001551, -0.01533611, 0.002098411, 0.9998802
 57553636, 0.9919391, 0.1251878, 0.01961855, -0.1251287, 0.9921317, -0.004212653, -0.01999155, 0.001723851, 0.9997987
 57573628, 0.9918336, 0.1250741, 0.02495002, -0.1250048, 0.9921467, -0.00432493, -0.02529501, 0.001170738, 0.9996793
 57593620, 0.9916702, 0.1251824, 0.0303273, -0.1251091, 0.9921337, -0.004309443, -0.0306282, 0.000479325, 0.9995308
 57613612, 0.9914644, 0.1253233, 0.03594946, -0.125246, 0.992116, -0.004401496, -0.03621765, -0.000138601, 0.999344
 57633604, 0.9911935, 0.1256146, 0.04191136, -0.1255304, 0.9920789, -0.004646957, -0.0421631, -0.0006551149, 0.9991106
 57653596, 0.9908956, 0.1259102, 0.04767321, -0.125815, 0.9920411, -0.005003875, -0.04792382, -0.001039688, 0.9988505
 57673588, 0.9905457, 0.1263601, 0.05340791, -0.1262479, 0.9919836, -0.005482206, -0.0536725, -0.001312262, 0.9985577
 57693580, 0.9901682, 0.126929, 0.05878787, -0.1268007, 0.9919105, -0.005923175, -0.05906413, -0.001589403, 0.9982529
 57713572, 0.9898014, 0.1272657, 0.06400567, -0.1271362, 0.9918665, -0.00610833, -0.06426246, -0.002091405, 0.9979308
 57733564, 0.9894423, 0.1275133, 0.06887932, -0.1273769, 0.9918338, -0.006386786, -0.06913123, -0.00245428, 0.9976045
 57753556, 0.9890977, 0.1276619, 0.07340626, -0.127522, 0.9918137, -0.006608119, -0.07364892, -0.002824839, 0.9972802
 57773548, 0.9887766, 0.1276793, 0.07758132, -0.1275593, 0.9918095, -0.006520103, -0.07777838, -0.003449297, 0.9969646
 57793540, 0.9884876, 0.1275281, 0.08141704, -0.1274194, 0.9918273, -0.006551273, -0.08158711, -0.003898257, 0.9966586
 57813532, 0.9882171, 0.1273909, 0.08484452, -0.1273072, 0.9918426, -0.006418273, -0.08497003, -0.004458671, 0.9963735
 57833524, 0.9879885, 0.127112, 0.08787109, -0.1270636, 0.9918755, -0.006166974, -0.08794107, -0.005072322, 0.9961127
 57853516, 0.9878099, 0.1266755, 0.09047087, -0.1266544, 0.9919288, -0.00599678, -0.0905003, -0.005534855, 0.995881
 57873508, 0.9876664, 0.1261473, 0.09274705, -0.1261398, 0.9919946, -0.005966354, -0.0927572, -0.005806328, 0.9956718
 57893500, 0.9875119, 0.12585, 0.09477401, -0.1258505, 0.9920311, -0.005995917, -0.09477334, -0.006006318, 0.9954808
 57913492, 0.987353, 0.1257085, 0.09659939, -0.1257089, 0.9920484, -0.006105972, -0.09659884, -0.006114656, 0.9953046
 57933484, 0.9872056, 0.1256594, 0.09815651, -0.1256506, 0.9920546, -0.006295962, -0.09816777, -0.00611802, 0.9951512
 57953476, 0.9870811, 0.1256327, 0.09943466, -0.1256075, 0.9920586, -0.006539097, -0.09946652, -0.006035121, 0.9950226
 57974301, 0.9869658, 0.1257173, 0.1004675, -0.1256478, 0.9920499, -0.007044839, -0.1005545, -0.005670511, 0.9949154
 57994293, 0.986876, 0.1257476, 0.1013074, -0.1256242, 0.9920486, -0.007622568, -0.1014604, -0.005204137, 0.994826
 58014285, 0.9867964, 0.1257439, 0.1020855, -0.1255611, 0.9920517, -0.008240161, -0.1023102, -0.004686602, 0.9947415
 58034277, 0.9867553, 0.1255866, 0.1026738, -0.125335, 0.9920744, -0.008924766, -0.1029808, -0.004062053, 0.994675
 58054269, 0.9867628, 0.1253174, 0.1029309, -0.1250091, 0.9921104, -0.009465818, -0.103305, -0.003526783, 0.9946435
 58074261, 0.9867746, 0.1250347, 0.103161, -0.1246793, 0.9921476, -0.009911253, -0.1035902, -0.003081879, 0.9946153
 58094253, 0.986749, 0.1249771, 0.1034762, -0.1245759, 0.992156, -0.01035679, -0.1039589, -0.002671082, 0.994578
 58114245, 0.9867091, 0.1249423, 0.1038978, -0.1245002, 0.9921613, -0.0107559, -0.1044272, -0.002322345, 0.9945299
 58134237, 0.9866639, 0.1250433, 0.1042043, -0.1245755, 0.9921491, -0.01101203, -0.1047632, -0.002116138, 0.994495
 58154229, 0.986597, 0.125167, 0.1046884, -0.1246393, 0.9921344, -0.0115933, -0.1053161, -0.00161038, 0.9944375
 58174221, 0.9865186, 0.1253608, 0.1051947, -0.1247637, 0.9921107, -0.01226381, -0.1059021, -0.001026004, 0.9943761
 58194213, 0.9864377, 0.1256565, 0.1055998, -0.1249942, 0.9920738, -0.01289282, -0.1063829, -0.0004814061, 0.9943252
 58214205, 0.9863515, 0.1260198, 0.1059698, -0.1253171, 0.9920277, -0.01329066, -0.1067998, -0.0001705689, 0.9942806
 58234197, 0.9862536, 0.1263016, 0.106545, -0.1256012, 0.9919919, -0.01328592, -0.1073698, -0.0002788966, 0.9942191
 58254189, 0.9861205, 0.1266589, 0.1073495, -0.1259498, 0.9919463, -0.01338704, -0.1081806, -0.0003194165, 0.9941313
 58274181, 0.9859725, 0.1270404, 0.1082538, -0.1263112, 0.9918976, -0.01359457, -0.1091038, -0.0002697993, 0.9940303
 58294173, 0.9858266, 0.1274499, 0.1090979, -0.1266946, 0.991845, -0.01385603, -0.1099741, -0.000162471, 0.9939345
 58314165, 0.9856725, 0.1278864, 0.1099759, -0.1271018, 0.9917889, -0.01414431, -0.1108817, -3.647243E-05, 0.9938337
 58334157, 0.9855129, 0.1283045, 0.1109161, -0.1274922, 0.9917349, -0.01441518, -0.1118489, 6.541605E-05, 0.9937252
 58354149, 0.9853141, 0.1287256, 0.112187, -0.127907, 0.9916803, -0.01449484, -0.1131195, -6.752081E-05, 0.9935815
 58374141, 0.9851031, 0.1292705, 0.1134061, -0.1284289, 0.9916094, -0.01472724, -0.1143584, -5.676964E-05, 0.9934396
 58394133, 0.9849447, 0.1295251, 0.1144869, -0.1286385, 0.9915761, -0.01513031, -0.1154822, 0.0001750987, 0.9933095
 58414125, 0.9848231, 0.1294126, 0.115654, -0.128486, 0.9915908, -0.01546258, -0.1166825, 0.0003679793, 0.9931692
 58434117, 0.984721, 0.1291337, 0.1168292, -0.1281521, 0.991627, -0.01590702, -0.1179052, 0.0006920624, 0.9930246
 58454109, 0.984653, 0.1286885, 0.1178891, -0.127641, 0.9916844, -0.01642413, -0.1190224, 0.001124591, 0.992891
 58474101, 0.9846296, 0.128183, 0.1186329, -0.1270522, 0.991749, -0.01707743, -0.1198431, 0.001742363, 0.9927914
 58494093, 0.984592, 0.127832, 0.1193213, -0.1266067, 0.9917928, -0.01782515, -0.1206206, 0.002443637, 0.9926957
 58514085, 0.9845182, 0.1276757, 0.1200951, -0.1263439, 0.9918108, -0.01867097, -0.1214955, 0.003208633, 0.9925868
 58534077, 0.9844221, 0.1274659, 0.1211013, -0.1260183, 0.9918349, -0.01956979, -0.122607, 0.004003956, 0.9924473
 58554069, 0.9842538, 0.1274953, 0.1224315, -0.1259044, 0.991827, -0.02067588, -0.1240669, 0.004935663, 0.9922616
 58574061, 0.9840412, 0.1277598, 0.123856, -0.126031, 0.9917884, -0.02172726, -0.1256148, 0.005770828, 0.9920623
 58594053, 0.9838014, 0.1278874, 0.1256172, -0.126019, 0.9917671, -0.02274169, -0.1274914, 0.006543146, 0.9918181
 58614045, 0.9835317, 0.1279655, 0.1276334, -0.1259806, 0.9917534, -0.02353796, -0.1295929, 0.007070996, 0.991542
 58634037, 0.9831952, 0.1281596, 0.1300089, -0.1260163, 0.9917228, -0.02461494, -0.1320875, 0.007818047, 0.9912073
 58654029, 0.9828278, 0.1284276, 0.1324992, -0.126098, 0.9916806, -0.02586074, -0.1347181, 0.008708775, 0.9908457
 58674021, 0.9824693, 0.1287094, 0.1348627, -0.1261947, 0.9916362, -0.02706767, -0.1372186, 0.009574185, 0.9904946
 58694013, 0.9820913, 0.129067, 0.137253, -0.1263889, 0.991583, -0.02808831, -0.139723, 0.01023803, 0.9901377
 58714005, 0.9816868, 0.1293471, 0.1398582, -0.1265075, 0.9915404, -0.02904442, -0.1424318, 0.01081941, 0.9897456
 58733997, 0.9812702, 0.129478, 0.1426334, -0.1264907, 0.9915185, -0.02985498, -0.1452892, 0.01125401, 0.9893252
 58753989, 0.9808056, 0.1297246, 0.1455744, -0.1266043, 0.9914831, -0.03053764, -0.1482961, 0.01152114, 0.9888759
 58773981, 0.9803351, 0.1298593, 0.1485931, -0.1266168, 0.9914635, -0.03111799, -0.1513656, 0.01169168, 0.9884088
 58793973, 0.979858, 0.1299512, 0.1516282, -0.1266019, 0.9914508, -0.03157924, -0.1544357, 0.01174676, 0.9879331
 58813965, 0.979417, 0.1298266, 0.1545562, -0.1263741, 0.9914663, -0.0319999, -0.1573917, 0.01180934, 0.9874656
 58833957, 0.9789379, 0.1298446, 0.1575469, -0.1262992, 0.9914644, -0.03235353, -0.1604031, 0.01177405, 0.9869814
 58853949, 0.9784132, 0.1300382, 0.160617, -0.1264021, 0.9914401, -0.03269658, -0.1634939, 0.01168844, 0.9864751
 58873941, 0.9778964, 0.1302569, 0.1635596, -0.1265031, 0.9914103, -0.03320616, -0.16648, 0.01178139, 0.9859745
 58893933, 0.9773491, 0.1305258, 0.1665885, -0.126649, 0.9913738, -0.03373341, -0.1695546, 0.01187106, 0.9854494
 58913925, 0.9768225, 0.130724, 0.1694971, -0.1267319, 0.991347, -0.03420856, -0.1725023, 0.011935, 0.9849368
 58933917, 0.9762756, 0.1309105, 0.1724778, -0.1268131, 0.9913225, -0.03461334, -0.1755124, 0.01191972, 0.9844051
 58953909, 0.9757419, 0.1309556, 0.1754379, -0.1267847, 0.9913188, -0.03482507, -0.1784754, 0.01173745, 0.9838744
 58973901, 0.9752257, 0.1309364, 0.1782992, -0.1267106, 0.9913243, -0.03493577, -0.1813267, 0.01147786, 0.9833559
 58993893, 0.9747871, 0.1306887, 0.1808612, -0.1264439, 0.9913613, -0.03485493, -0.183854, 0.01110734, 0.9828908
 59013885, 0.974377, 0.1303004, 0.1833339, -0.126031, 0.9914157, -0.03480051, -0.1862946, 0.01080307, 0.9824345
 59033877, 0.9739556, 0.1299952, 0.1857735, -0.1257385, 0.991461, -0.03456642, -0.1886806, 0.01030729, 0.9819844
 59053869, 0.9734651, 0.1298589, 0.1884205, -0.1256208, 0.9914847, -0.03431533, -0.1912722, 0.009735242, 0.9814888
 59073861, 0.9730309, 0.1296155, 0.1908163, -0.1254058, 0.9915219, -0.03402656, -0.1936089, 0.009179414, 0.9810359
 59093853, 0.9726235, 0.1294338, 0.193004, -0.1252232, 0.991549, -0.03391055, -0.1957621, 0.008813609, 0.9806118
 59113845, 0.9722422, 0.1293188, 0.194992, -0.1251331, 0.9915679, -0.03368682, -0.1977042, 0.008351789, 0.9802262
 59133837, 0.9718759, 0.1291706, 0.196907, -0.125047, 0.9915923, -0.03328691, -0.1995511, 0.007728119, 0.979857
 59153829, 0.9715152, 0.12885, 0.1988867, -0.1247811, 0.9916383, -0.03291229, -0.2014644, 0.007157483, 0.9794698
 59173821, 0.9711649, 0.1286276, 0.2007326, -0.1246184, 0.9916711, -0.03253668, -0.2032458, 0.006583505, 0.9791057
 59193813, 0.9708077, 0.1286142, 0.2024617, -0.1246647, 0.9916764, -0.0321948, -0.2049172, 0.006015124, 0.9787608
 59213805, 0.9704547, 0.1287058, 0.2040896, -0.1248145, 0.9916678, -0.03188103, -0.2064923, 0.005465751, 0.978433
 59233797, 0.9701383, 0.1288177, 0.2055186, -0.1249623, 0.9916555, -0.03168571, -0.2078853, 0.005057439, 0.9781402
 59253789, 0.9698935, 0.1287296, 0.2067257, -0.1248917, 0.9916681, -0.0315652, -0.2090667, 0.004796549, 0.9778897
 59273781, 0.9696795, 0.1286288, 0.2077893, -0.1247848, 0.9916819, -0.03155878, -0.2101203, 0.004672952, 0.9776645
 59293773, 0.9694523, 0.1286217, 0.2088512, -0.1247584, 0.9916831, -0.0316239, -0.2111817, 0.004601925, 0.9774361
 59313765, 0.9692201, 0.1286955, 0.2098809, -0.1247975, 0.9916735, -0.03176885, -0.2122218, 0.004598393, 0.9772106
 59333757, 0.9689798, 0.12883, 0.210905, -0.1249212, 0.9916566, -0.03181039, -0.2132435, 0.004477116, 0.9769889
 59353749, 0.9687899, 0.1289889, 0.211679, -0.1250687, 0.9916363, -0.03186358, -0.2140186, 0.004394699, 0.9768197
 59373741, 0.9686364, 0.1289614, 0.2123972, -0.1250525, 0.9916406, -0.03179412, -0.2147219, 0.004236161, 0.9766662
 59393733, 0.9685088, 0.1287783, 0.213089, -0.1248956, 0.9916653, -0.03164178, -0.2153877, 0.004031471, 0.9765204
 59413725, 0.9683912, 0.128464, 0.213812, -0.1245906, 0.9917065, -0.03155171, -0.216092, 0.003915431, 0.9763651
 59433717, 0.9682557, 0.1281487, 0.2146131, -0.1242831, 0.9917477, -0.03146773, -0.2168746, 0.003796037, 0.9761921
 59453709, 0.968088, 0.1279991, 0.2154574, -0.124123, 0.9917673, -0.03148311, -0.2177134, 0.003735197, 0.9760057
 59473701, 0.9679214, 0.1278326, 0.2163031, -0.1239522, 0.991789, -0.03147007, -0.2185499, 0.003649328, 0.9758189
 59493693, 0.9677557, 0.1276031, 0.2171785, -0.1237027, 0.9918187, -0.03151824, -0.2194235, 0.003636387, 0.975623
 59513685, 0.9675641, 0.1273675, 0.2181678, -0.1234344, 0.9918489, -0.03162046, -0.2204169, 0.00366541, 0.975399
 59533677, 0.967391, 0.1271728, 0.2190478, -0.1232307, 0.991874, -0.03162351, -0.2212894, 0.00359888, 0.9752016
 59553669, 0.9672356, 0.1270259, 0.2198173, -0.1230498, 0.9918927, -0.03174398, -0.2220675, 0.003655425, 0.9750245
 59573661, 0.9671108, 0.1268518, 0.2204661, -0.122833, 0.9919146, -0.03190085, -0.2227302, 0.003771142, 0.9748729
 59593653, 0.9669591, 0.1266441, 0.2212495, -0.1225746, 0.9919406, -0.03208516, -0.2235298, 0.003905468, 0.9746893
 59613645, 0.9667923, 0.1264758, 0.2220734, -0.1223824, 0.9919621, -0.03215526, -0.2243552, 0.003909588, 0.9744996
 59633637, 0.966647, 0.1264726, 0.2227068, -0.1223586, 0.9919624, -0.03223301, -0.2249934, 0.003907849, 0.9743525
 59653629, 0.9664918, 0.1266308, 0.2232896, -0.1224937, 0.9919422, -0.03234079, -0.2255858, 0.003905545, 0.9742154
 59673621, 0.966344, 0.1269118, 0.2237694, -0.1227547, 0.9919064, -0.0324503, -0.2260766, 0.003889422, 0.9741017
 59693613, 0.9662102, 0.1270956, 0.2242422, -0.1229074, 0.9918827, -0.03259658, -0.2265648, 0.003934127, 0.9739882
 59713605, 0.9660609, 0.1273569, 0.2247368, -0.123134, 0.9918489, -0.03276626, -0.227078, 0.003981459, 0.9738685
 59733597, 0.9659498, 0.1275468, 0.2251063, -0.1233299, 0.991825, -0.03275595, -0.2274439, 0.003878263, 0.9737835
 59753589, 0.9658358, 0.1278132, 0.2254442, -0.1236008, 0.9917911, -0.0327615, -0.2277809, 0.003777144, 0.9737052
 59773581, 0.9657174, 0.1280368, 0.2258243, -0.1238206, 0.9917626, -0.03279709, -0.2281633, 0.003711008, 0.9736158
 59793573, 0.965559, 0.1283127, 0.2263441, -0.1240718, 0.9917269, -0.0329256, -0.2286963, 0.003708691, 0.9734908
 59813565, 0.965412, 0.1284051, 0.2269184, -0.1241272, 0.9917146, -0.03308369, -0.2292864, 0.003772647, 0.9733517
 59833557, 0.9652195, 0.1284273, 0.227723, -0.124098, 0.9917114, -0.03329058, -0.2301109, 0.003872755, 0.9731567
 59853549, 0.9650339, 0.1284249, 0.2285094, -0.1240136, 0.9917107, -0.0336224, -0.2309332, 0.004108477, 0.9729609
 59873541, 0.9648385, 0.1284307, 0.2293299, -0.1239558, 0.9917094, -0.03387494, -0.2317791, 0.004257074, 0.9727591
 59893533, 0.9646502, 0.1284826, 0.2300921, -0.1239412, 0.991702, -0.0341453, -0.2325699, 0.004420376, 0.9725697
 59913525, 0.96451, 0.128494, 0.2306729, -0.1239104, 0.9917001, -0.03431141, -0.2331671, 0.004510931, 0.9724262
 59933517, 0.9644127, 0.1285041, 0.2310732, -0.12388, 0.9916983, -0.03447331, -0.2335849, 0.004621143, 0.9723254
 59953509, 0.9643283, 0.1284202, 0.2314717, -0.123757, 0.9917086, -0.03461774, -0.233998, 0.004736628, 0.9722256
 59973501, 0.9642644, 0.1282668, 0.2318226, -0.1235767, 0.9917281, -0.03470412, -0.2343564, 0.00481607, 0.9721388
 59993493, 0.9642288, 0.1281253, 0.2320489, -0.1234399, 0.9917465, -0.03466277, -0.2345748, 0.004778739, 0.9720864
 60013485, 0.9641821, 0.1280889, 0.2322628, -0.1233867, 0.991751, -0.03472396, -0.2347946, 0.004822085, 0.9720331
 60033477, 0.9641327, 0.1281132, 0.2324549, -0.1233673, 0.9917471, -0.03490309, -0.235008, 0.00497387, 0.9719808
 60054302, 0.9641235, 0.1281479, 0.2324738, -0.1233915, 0.9917425, -0.03495057, -0.235033, 0.005011382, 0.9719746
 60074294, 0.9640673, 0.1282824, 0.2326325, -0.123518, 0.991725, -0.03499619, -0.2351969, 0.005004383, 0.9719349
 60094286, 0.9640105, 0.1286014, 0.2326919, -0.1238177, 0.9916836, -0.03511257, -0.2352722, 0.005037527, 0.9719165
 60114278, 0.9639144, 0.1291238, 0.2328006, -0.1243328, 0.991616, -0.03520231, -0.2353942, 0.004987277, 0.9718872
 60134270, 0.9638259, 0.1294313, 0.2329962, -0.1246004, 0.9915754, -0.03539918, -0.235615, 0.005087243, 0.9718332
 60154262, 0.963766, 0.1295305, 0.233189, -0.1247146, 0.991563, -0.03534463, -0.2357998, 0.004981864, 0.9717889
 60174254, 0.9637083, 0.1295123, 0.2334373, -0.1247276, 0.9915662, -0.0352084, -0.2360284, 0.004814548, 0.9717342
 60194246, 0.9636901, 0.1293423, 0.2336063, -0.1246012, 0.9915893, -0.03500545, -0.2361692, 0.004626782, 0.9717009
 60214238, 0.9636412, 0.1291199, 0.2339314, -0.1244301, 0.9916193, -0.03476162, -0.2364593, 0.004389626, 0.9716315
 60234230, 0.9636415, 0.128901, 0.2340503, -0.1242786, 0.9916489, -0.03445601, -0.2365372, 0.004115784, 0.9716137
 60254222, 0.963703, 0.1287237, 0.2338951, -0.1241735, 0.9916731, -0.0341414, -0.2363422, 0.003858601, 0.9716622
 60274214, 0.963744, 0.128715, 0.2337309, -0.1241599, 0.991674, -0.03416325, -0.2361821, 0.003904633, 0.971701
 60294206, 0.9637544, 0.1286145, 0.2337434, -0.1240391, 0.9916866, -0.03423434, -0.2362033, 0.004000173, 0.9716955
 60314198, 0.9637624, 0.1286, 0.2337183, -0.1240307, 0.9916887, -0.03420801, -0.2361749, 0.003980139, 0.9717024
 60334190, 0.9637187, 0.1286855, 0.2338509, -0.1241339, 0.9916779, -0.0341432, -0.2362985, 0.003875625, 0.9716728
 60354182, 0.9637057, 0.128654, 0.2339218, -0.1241372, 0.9916826, -0.03399542, -0.2363498, 0.003723187, 0.9716609
 60374174, 0.9636992, 0.128667, 0.2339418, -0.1241778, 0.9916813, -0.03388258, -0.2363553, 0.003602227, 0.9716601
 60394166, 0.963709, 0.1287698, 0.2338446, -0.1243311, 0.9916687, -0.03368917, -0.2362345, 0.003392402, 0.9716902
 60414158, 0.9637628, 0.1288946, 0.2335542, -0.1245518, 0.9916537, -0.03331338, -0.2358987, 0.003016613, 0.971773
 60434150, 0.9638071, 0.1290944, 0.2332607, -0.1248462, 0.9916289, -0.03295032, -0.2355617, 0.00263603, 0.9718558
 60454142, 0.9638705, 0.1292841, 0.2328933, -0.1251171, 0.9916049, -0.03264185, -0.2351582, 0.002323571, 0.9719543
 60474134, 0.963896, 0.1294801, 0.2326789, -0.1253877, 0.99158, -0.03235861, -0.2349095, 0.002015251, 0.9720152
 60494126, 0.9638925, 0.129564, 0.2326467, -0.1255332, 0.9915696, -0.03211394, -0.2348462, 0.001749501, 0.972031
 60514118, 0.9638669, 0.1296798, 0.2326882, -0.1256978, 0.9915547, -0.03192553, -0.2348632, 0.001523554, 0.9720273
 60534110, 0.9638882, 0.129674, 0.232603, -0.1257567, 0.9915559, -0.03165753, -0.234744, 0.001262929, 0.9720564
 60554102, 0.9639344, 0.1296864, 0.232405, -0.1258426, 0.9915546, -0.03135518, -0.2345086, 0.0009778813, 0.9721136
 60574094, 0.9640099, 0.1297018, 0.2320824, -0.1258897, 0.9915527, -0.03122711, -0.2341721, 0.0008864587, 0.9721947
 60594086, 0.9641012, 0.1296576, 0.231728, -0.1258385, 0.9915584, -0.03125199, -0.2338239, 0.0009697693, 0.9722785
 60614078, 0.9642214, 0.1293276, 0.231412, -0.1254413, 0.9916011, -0.03149452, -0.2335415, 0.001339059, 0.9723459
 60634070, 0.9643965, 0.1288623, 0.2309417, -0.1248915, 0.9916609, -0.03179469, -0.233113, 0.001820023, 0.9724479
 60654062, 0.9645451, 0.1285081, 0.2305177, -0.1244385, 0.9917057, -0.0321698, -0.2327399, 0.00234394, 0.9725363
 60674054, 0.9646626, 0.1281697, 0.2302145, -0.1239891, 0.991748, -0.03259769, -0.2324928, 0.002901688, 0.9725938
 60694046, 0.9647319, 0.1279705, 0.2300346, -0.1236212, 0.9917712, -0.03328248, -0.2324009, 0.003671522, 0.9726132
 60714038, 0.9648338, 0.1277654, 0.2297211, -0.1232584, 0.9917946, -0.03392442, -0.2321705, 0.004416372, 0.9726651
 60734030, 0.9649928, 0.1275472, 0.2291741, -0.1229227, 0.9918197, -0.03440345, -0.2316874, 0.005028388, 0.9727773
 60754022, 0.965108, 0.1275364, 0.2286943, -0.1227776, 0.9918177, -0.03497739, -0.2312839, 0.005678408, 0.9728697
 60774014, 0.9651368, 0.1277574, 0.228449, -0.1228642, 0.9917856, -0.03557568, -0.2311176, 0.006267187, 0.9729057
 60794006, 0.9650841, 0.1282735, 0.2283823, -0.1232579, 0.9917159, -0.03615261, -0.2311277, 0.00674038, 0.9729
 60813998, 0.9649879, 0.1288815, 0.228447, -0.1237942, 0.9916356, -0.03652294, -0.2312433, 0.00696378, 0.972871
 60833990, 0.964886, 0.1294563, 0.2285526, -0.1243093, 0.9915595, -0.03683731, -0.2313923, 0.007132581, 0.9728343
 60853982, 0.9648278, 0.1297336, 0.2286406, -0.1245249, 0.9915217, -0.03712635, -0.2315187, 0.007349077, 0.9728028
 60873974, 0.964783, 0.1298803, 0.2287463, -0.1246248, 0.9915012, -0.03733646, -0.2316515, 0.00751413, 0.9727699
 60893966, 0.9647809, 0.1297517, 0.2288283, -0.1244837, 0.9915176, -0.03737151, -0.2317363, 0.007569934, 0.9727493
 60913958, 0.9647341, 0.1297303, 0.2290374, -0.1244625, 0.9915208, -0.03736103, -0.2319422, 0.007536892, 0.9727004
 60933950, 0.9646224, 0.1298938, 0.229415, -0.1246268, 0.9915, -0.03736413, -0.2323183, 0.007451026, 0.9726112
 60953942, 0.9645364, 0.1301206, 0.2296481, -0.1249064, 0.9914724, -0.03716205, -0.2325253, 0.007159623, 0.972564
 60973934, 0.9644713, 0.1303714, 0.2297793, -0.1252233, 0.9914417, -0.03691105, -0.232625, 0.006825916, 0.9725426
 60993926, 0.9643731, 0.1305836, 0.2300707, -0.1255049, 0.9914163, -0.03663734, -0.2328801, 0.006457061, 0.972484
 61013918, 0.9642786, 0.1306972, 0.2304022, -0.1257049, 0.9914041, -0.03628097, -0.2331635, 0.006022277, 0.9724189
 61033910, 0.9642322, 0.1306252, 0.2306366, -0.1257392, 0.9914163, -0.03582346, -0.2333364, 0.005542072, 0.9723803
 61053902, 0.9641644, 0.1304014, 0.2310469, -0.1256451, 0.9914489, -0.03524705, -0.2336674, 0.004954033, 0.972304
 61073894, 0.9640974, 0.1302204, 0.2314278, -0.1255902, 0.9914754, -0.03469357, -0.2339727, 0.004382909, 0.9722333
 61093886, 0.9640834, 0.1298156, 0.2317134, -0.125288, 0.9915303, -0.03421511, -0.2341926, 0.003955315, 0.9721822
 61113878, 0.9640208, 0.129455, 0.2321753, -0.1250257, 0.9915791, -0.03375677, -0.2345902, 0.003514343, 0.9720881
 61133870, 0.9639776, 0.1290611, 0.2325739, -0.1247296, 0.9916318, -0.03329969, -0.2349253, 0.003091314, 0.9720085
 61153862, 0.9639211, 0.1288906, 0.232902, -0.1246572, 0.9916553, -0.03286925, -0.235195, 0.002650456, 0.9719446
 61173854, 0.9638368, 0.1288935, 0.233249, -0.1247467, 0.9916559, -0.03250811, -0.2354929, 0.002235459, 0.9718735
 61193846, 0.9638038, 0.1289214, 0.23337, -0.1248766, 0.9916532, -0.03208987, -0.2355592, 0.001785889, 0.9718584
 61213838, 0.963833, 0.12893, 0.2332447, -0.1249572, 0.9916526, -0.03179443, -0.2353969, 0.001498917, 0.9718982
 61233830, 0.9638566, 0.1289736, 0.2331231, -0.1250779, 0.9916474, -0.03148167, -0.2352362, 0.001185262, 0.9719375
 61253822, 0.9638599, 0.1289906, 0.2331001, -0.125131, 0.9916453, -0.03133505, -0.2351945, 0.001034554, 0.9719478
 61273814, 0.9638624, 0.128956, 0.2331087, -0.1251561, 0.99165, -0.03108404, -0.2351707, 0.0007857624, 0.9719538
 61293806, 0.9638994, 0.1288168, 0.2330326, -0.1250419, 0.9916682, -0.03096407, -0.2350797, 0.0007074084, 0.9719759
 61313798, 0.9639615, 0.1287185, 0.2328303, -0.124964, 0.9916809, -0.03086893, -0.2348668, 0.000661049, 0.9720274
 61333790, 0.9639958, 0.1286844, 0.2327066, -0.1249356, 0.9916855, -0.03084145, -0.2347405, 0.0006576963, 0.9720579
 61353782, 0.9640692, 0.128719, 0.2323835, -0.1249255, 0.9916808, -0.03103216, -0.2344446, 0.0008865315, 0.9721292
 61373774, 0.9642033, 0.128702, 0.2318358, -0.1248462, 0.9916826, -0.03129107, -0.2339348, 0.001227123, 0.9722516
 61393766, 0.9643776, 0.1285941, 0.2311695, -0.1246709, 0.991696, -0.03156283, -0.2333086, 0.001618372, 0.9724014
 61413758, 0.9645778, 0.1283945, 0.2304445, -0.1243879, 0.991721, -0.03189336, -0.2326316, 0.002099117, 0.9725627
 61433750, 0.9647747, 0.128072, 0.2297987, -0.1240072, 0.9917618, -0.03210605, -0.2320174, 0.00247842, 0.9727085
 61453742, 0.9649515, 0.1278785, 0.2291633, -0.1237692, 0.991786, -0.0322777, -0.2314086, 0.002783052, 0.9728526
 61473734, 0.9650874, 0.1278927, 0.2285822, -0.123718, 0.991783, -0.03256208, -0.2308684, 0.003145524, 0.9729799
 61493726, 0.9652053, 0.1280312, 0.2280063, -0.1237849, 0.9917639, -0.03288881, -0.2303392, 0.003520704, 0.973104
 61513718, 0.9652529, 0.1282054, 0.2277069, -0.123893, 0.9917402, -0.03319344, -0.2300817, 0.003828775, 0.9731638
 61533710, 0.9652501, 0.1284658, 0.2275716, -0.1240466, 0.9917047, -0.03367812, -0.2300103, 0.004278333, 0.9731789
